224356801
224356691
224356451
224356445
224356249
224356205
224356120
224355934
224355841
224355792
224355719
224355708
224355694
224355687
224355556
224355228
224354722
224354702
224354446
224354287
224354116
224353837
224353817
224353662
224353548
224353421
224353204
224352901
224352774
224352730
224352689
224352576
224352367
224352205
224351953
224351905
224351882
224351828
224351721
224351667
224351660
224351575
224351534
224351316
224351292
224351240
224351147
224350990
224350728
224350654
224350377
224350086
224350027
224349916
224349686
224349612
224348879
224348786
224348667
224348585
224348482
224348434
224347937
224347597
224347553
224347442
224347330
224347131
224347078
224346932
224346890
224346812
224346759
224346716
224346603
224346077
224346041
224346028
224345875
224345794
224345357
224345189
224344990
224344887
224344653
224344456
224344366
224344362
224344289
224343757
224343621
224343580
224343560
224343486
224343382
224343354
224343286
224343258
224343205
224343086
224342958
224342685
224342503
224342406
224342278
224341669
224341368
224341340
224341045
224340574
224340523
224340439
224340285
224339953
224339763
224339660
224339608
224339489
224339484
224339341
224339255
224339064
224339063
224338983
224338900
224338784
224338687
224338593
224338406
224338216
224337937
224337825
224337664
224337523
224337214
224337193
224337141
224336949
224336803
224336520
224336386
224335493
224335464
224335319
224334923
224334708
224334488
224334456
224334113
224333904
224333894
224333765
224333736
224333533
224333526
224333495
224333441
224333208
224333145
224333113
224332660
224332632
224332621
224332469
224332216
224331869
224331846
224331773
224331760
224331373
224331093
224330992
224330794
224330377
224330128
224329904
224329764
224329579
224329253
224329181
224329088
224328990
224328602
224328564
224328533
224328519
224328163
224327903
224327817
224327797
224327574
224327530
224327415
224327327
224327208
224326920
224326904
224326839
224326808
224326516
224326305
224325962
224325933
224325560
224325267
224325190
224325156
224325064
224324809
224324691
224316300
224316112
224316100
224316020
224315697
224315674
224315503
224315244
224315107
224315036
224314990
224314901
224314700
224314657
224314520
224314433
224314232
224314122
224314072
224313926
224313916
224313905
224313398
224313377
224312898
224312618
224312183
224311867
224311841
224311678
224311299
224311086
224310891
224310819
224310622
224310610
224310559
224310542
224310480
224310464
224310426
224310403
224310371
224309866
224309768
224309620
224309345
224309319
224309292
224309028
224308594
224308526
224308379
224307977
224307171
224307048
224307024
224306932
224306516
224305837
224305746
224305624
224305546
224305494
224305247
224305175
224304850
224304839
224304834
224304832
224304714
224304353
224304271
224304228
224304225
224304048
224303152
224303133
224303069
224302942
224302904
224302596
224302309
224302305
224302105
224301896
224301622
224301004
224300863
224300615
224300402
224300194
224299954
224299812
224299798
224299400
224299346
224299163
224299132
224299019
224298993
224298913
224298864
224298767
224298469
224298420
224298264
224297941
224297697
224297545
224297538
224297352
224297092
224296989
224296851
224296796
224296712
224296687
224296483
224296374
224296269
224296264
224296116
224296093
224296063
224296054
224295795
224295534
224295258
224295068
224294730
224294517
224294453
224294083
224294040
224293787
224293531
224293477
224293360
224293247
224293205
224293090
224293085
224292920
224292917
224292827
224292810
224292438
224291866
224291777
224291773
224291663
224291504
224291322
224291104
224291095
224290978
224290910
224290726
224290247
224290153
224290114
224289946
224289588
224289216
224288947
224288594
224288585
224288371
224288297
224288214
224288131
224287732
224287651
224287571
224287406
224287333
224287296
224286966
224286615
224286396
224286252
224286230
224286137
224285975
224285958
224285695
224285412
224285398
224285374
224285200
224285185
224285071
224285068
224284867
224284263
224284112
224283928
224283914
224283697
224283455
224283416
224283381
224283101
224283027
224282962
224282923
224282828
224282669
224282532
224282456
224282397
224282258
224281906
224281787
224281752
224281533
224281466
224281387
224281326
224281286
224280919
224280911
224280860
224280676
224279898
224279832
224279775
224279633
224279589
224279560
224279342
224279250
224279172
224279067
224278685
224278543
224278494
224278146
224278087
224277869
224277817
224277557
224277533
224277521
224277272
224277244
224277187
224277007
224276934
224276679
224276587
224276498
224275748
224275723
224275584
224274995
224274835
224274823
224274649
224274566
224274376
224274351
224274189
224274169
224274031
224273796
224273712
224273022
224272988
224272754
224272631
224272483
224272386
224272361
224272307
224272292
224272257
224271734
224271721
224271470
224271382
224271351
224271282
224271154
224270716
224270646
224270624
224270443
224270418
224270152
224270083
224269547
224269531
224269514
224269172
224268649
224268415
224268358
224268119
224267880
224267642
224267464
224267415
224267414
224267326
224267001
224266574
224266160
224266134
224265681
224265653
224265565
224265526
224265495
224265452
224265382
224265351
224265343
224265110
224264356
224263966
224263965
224263960
224263578
224263459
224263385
224263313
224263214
224263201
224263090
224262858
224262559
224262555
224262402
224262339
224262038
224261893
224261827
224261568
224261490
224261367
224261320
224261188
224260817
224260783
224260749
224260494
224260068
224259862
224259760
224259748
224259596
224259435
224259203
224258945
224258689
224258254
224258134
224258117
224257901
224257568
224257517
224257498
224257279
224257276
224257189
224256704
224256353
224256263
224256162
224256106
224256093
224255863
224255240
224255138
224255048
224254840
224254560
224254331
224254071
224254039
224253976
224253828
224253395
224253334
224253270
224253204
224253064
224252662
224252566
224252465
224252225
224251890
224251197
224251044
224250414
224249950
224249945
224249757
224249238
224249119
224249083
224248947
224248892
224248760
224248406
224247676
224247606
224247455
224247433
224247350
224247338
224247308
224247161
224247070
224246974
224246428
224246132
224245964
224245625
224245513
224244864
224244315
224244112
224243993
224243788
224243570
224243006
224242692
224242586
224242371
224242282
224242102
224242082
224241965
224241925
224241873
224241799
224241681
224241641
224241417
224241069
224240642
224240502
224240315
224240220
224239897
224239479
224238849
224238845
224238815
224238561
224238523
224238038
224237886
224237835
224237779
224237653
224237203
224237091
224236773
224236659
224236508
224236478
224236275
224236048
224235929
224235918
224235828
224235406
224235267
224234972
224234962
224234915
224234816
224234788
224234634
224234066
224233575
224233480
224233329
224233037
224232951
224232826
224232744
224232646
224232520
224232069
224231984
224231828
224231639
224231534
224231433
224231387
224230979
224230308
224230078
224229934
224229712
224229702
224229627
224229504
224229476
224229340
224228852
224228507
224228327
224228244
224228059
224227941
224227783
224227707
224227496
224226932
224226753
224226661
224226616
224226058
224225430
224225317
224225308
224225201
224225148
224225119
224225020
224224718
224224657
224224646
224224643
224224160
224224059
224224041
224223928
224223535
224223248
224223232
224223174
224222627
224221803
224221547
224221520
224221241
224221117
224220899
224220834
224220797
224220731
224220319
224220232
224219995
224219746
224219630
224219598
224219406
224219108
224218710
224218601
224218469
224217804
224217656
224217622
224217195
224216946
224216387
224216181
224215837
224215749
224215732
224215644
224215560
224215048
224214944
224214841
224214185
224213802
224213749
224213745
224213703
224213663
224213659
224213380
224213113
224212859
224212418
224212368
224212243
224211855
224211359
224211016
224210522
224210451
224210384
224210255
224209739
224209724
224209428
224209285
224209253
224209185
224208930
224208890
224208752
224208309
224208283
224208079
224207746
224207737
224207490
224207371
224207212
224207188
224207061
224206800
224206714
224206209
224205835
224205764
224205501
224204935
224204724
224204345
224204050
224204031
224203925
224203903
224203422
224203403
224203260
224203257
224203019
224202528
224202183
224202105
224202035
224201384
224201211
224200958
224200926
224200763
224200569
224200541
224200311
224199790
224199644
224199561
224199516
224199497
224199468
224198959
224198660
224198635
224198359
224198316
224198148
224198038
224197976
224197805
224197339
224197301
224197251
224196441
224196419
224196387
224196187
224196072
224195696
224195303
224195178
224195156
224194957
224194874
224194744
224194589
224194523
224194464
224194441
224194416
224194321
224194317
224194163
224194136
224193792
224193748
224193621
224193018
224192972
224192838
224192437
224192240
224192196
224192184
224192157
224192060
224192048
224192018
224191851
224191762
224191699
224191479
224191239
224191205
224191134
224191116
224190535
224190200
224189997
224189836
224189741
224189648
224189589
224189151
224189142
224189138
224189131
224189120
224189093
224188667
224188575
224188460
224188105
224188061
224187938
224187626
224187337
224186772
224186491
224186249
224186212
224186133
224185873
224185363
224185285
224184830
224183976
224183452
224183195
224183081
224183052
224182944
224182909
224182755
224182272
224182262
224182099
224182067
224182011
224181654
224181619
224181341
224181157
224181104
224180700
224180655
224180653
224180583
224180530
224179901
224179489
224178980
224178340
224178236
224177870
224177437
224177364
224177271
224177069
224177039
224176894
224176849
224176821
224176531
224176041
224176016
224175734
224175305
224174345
224173906
224173442
224173314
224173223
224173070
224172981
224172945
224172637
224171246
224171163
224170835
224170667
224170524
224169880
224169802
224169711
224169600
224169012
224169001
224168749
224168645
224168638
224168477
224168458
224168297
224168180
224168061
224167833
224167700
224167690
224167686
224167654
224167585
224167540
224167469
224167187
224167073
224166584
224165702
224165506
224165237
224165161
224164638
224163894
224163280
224163252
224163174
224162827
224162485
224161853
224161790
224161775
224161527
224161364
224161142
224161128
224161029
224160884
224160622
224160619
224160513
224160304
224160162
224160140
224160045
224159871
224159730
224159338
224158898
224158889
224158275
224158190
224158044
224157791
224157687
224157320
224157232
224157210
224156819
224156642
224156615
224156603
224156597
224156456
224156039
224155987
224155969
224155947
224155826
224155798
224155323
224154936
224154015
224153945
224153764
224153748
224153579
224152862
224152748
224152593
224152574
224151841
224151624
224151595
224151089
224150984
224150646
224150506
224150333
224150280
224149924
224149890
224149756
224149260
224149216
224149129
224149117
224149029
224148711
224148620
224148520
224148203
224147726
224147669
224147137
224146841
224146637
224146281
224146129
224145962
224145888
224145721
224145626
224145595
224145203
224144951
224144944
224144751
224144692
224144592
224144563
224144397
224144386
224144166
224143850
224143611
224143093
224142238
224142091
224141397
224141255
224141090
224140860
224140740
224140707
224140474
224140442
224140195
224140161
224139712
224139703
224139440
224139429
224139370
224139326
224139292
224139263
224139175
224139036
224138859
224138599
224138453
224138413
224138393
224138129
224137502
224136144
224135955
224135867
224135809
224135754
224135531
224135086
224134854
224134851
224134571
224134418
224134415
224134003
224133847
224133796
224133794
224133791
224133600
224133560
224133476
224133140
224132913
224132730
224132680
224132393
224132339
224132338
224132185
224132105
224131614
224131452
224131419
224131271
224131244
224131153
224130727
224130467
224130242
224129965
224129896
224129838
224129707
224129650
224129538
224129419
224129387
224129361
224129337
224129220
224128990
224128928
224128623
224128552
224128489
224128417
224127992
224127760
224127584
224127319
224127302
224127113
224126979
224126858
224126727
224126666
224126516
224126443
224126173
224125641
224125164
224124980
224124901
224124835
224124821
224124713
224124703
224124459
224124145
224123918
224123593
224123540
224123513
224123400
224123385
224123360
224123103
224123096
224122974
224122956
224122906
224122739
224122049
224121540
224121323
224121248
224121206
224121140
224120118
224119879
224119716
224119392
224119031
224118925
224118794
224118435
224118248
224117962
224117961
224117905
224117212
224117182
224117076
224116527
224116263
224116201
224116094
224115960
224115934
224115297
224114880
224114834
224114717
224114470
224114067
224113969
224113933
224113853
224113456
224113287
224113184
224112953
224112807
224112679
224112376
224112196
224112061
224111692
224111686
224111605
224111586
224111413
224111382
224110934
224110809
224110758
224110749
224109952
224109951
224109041
224108387
224108294
224108184
224107641
224107305
224107252
224107184
224106799
224106722
224106509
224106248
224106171
224106111
224106063
224105702
224105598
224105293
224105285
224105235
224105146
224104765
224104494
224104062
224104030
224103947
224103933
224103801
224103633
224103323
224103024
224102941
224102771
224102494
224102465
224102441
224102328
224102278
224102145
224102136
224102048
224102000
224101996
224101387
224101259
224101126
224100676
224100600
224100484
224100260
224100121
224100035
224099931
224099881
224099482
224099477
224099396
224099356
224099271
224099068
224099030
224098867
224098620
224098602
224098248
224097917
224097546
224097442
224097429
224097067
224096833
224096690
224096539
224096476
224096129
224095675
224095600
224095415
224095168
224095157
224094524
224094199
224093939
224093789
224093733
224093583
224093474
224093069
224093063
224092876
224092478
224092194
224091850
224091555
224091289
224091041
224090907
224090832
224090593
224090324
224090098
224089870
224089598
224089498
224089215
224089080
224088986
224088720
224088544
224088210
224088091
224088029
224088018
224087971
224087952
224087284
224087152
224087082
224086990
224086894
224086325
224086233
224085978
224085305
224085236
224085210
224085153
224085132
224084963
224084924
224084904
224084473
224083955
224083865
224083436
224083381
224083279
224082576
224082387
224082060
224081713
224081193
224080203
224080076
224079900
224079898
224079640
224079234
224078873
224078822
224078770
224078725
224078472
224078091
224077391
224077201
224077059
224077015
224076562
224076442
224076431
224076150
224075755
224075517
224075399
224075391
224075307
224075132
224075006
224074674
224074614
224073764
224073641
224073579
224073453
224073268
224073254
224073150
224073054
224072806
224072774
224072528
224072378
224072043
224071652
224071593
224071585
224071456
224071309
224071196
224071091
224070300
224070164
224070149
224069983
224069957
224069786
224069479
224069473
224069331
224069295
224069022
224068867
224068786
224068753
224068546
224068472
224068352
224068280
224067862
224067851
224067366
224067292
224067186
224066945
224066883
224066531
224065891
224065791
224065625
224065547
224065546
224065503
224065377
224065375
224065358
224065089
224065019
224064897
224064681
224064436
224064311
224063907
224063845
224062918
224062424
224062208
224062083
224061986
224061621
224061563
224061521
224061346
224061171
224060863
224060744
224060549
224059998
224059912
224059642
224059084
224058844
224058827
224058702
224057922
224057608
224057424
224056945
224056943
224056481
224056353
224056309
224056005
224055999
224055956
224055819
224055759
224055682
224055360
224055207
224055205
224055109
224054810
224054506
224054454
224054308
224053945
224053885
224053659
224053557
224053496
224052916
224052778
224052754
224052420
224052280
224051885
224050921
224050873
224050096
224049321
224049085
224048806
224048759
224047321
224047231
224047127
224046900
224046892
224046834
224046731
224046430
224046405
224046092
224046042
224045700
224045620
224045510
224045380
224044944
224044407
224044080
224043862
224043704
224043510
224043459
224043292
224043260
224042986
224042815
224042800
224042560
224042489
224042410
224042366
224041663
224041494
224041400
224041250
223883735
223705361
223643005
223542609
223492798
223482008
223475081
222896907
222824412
222736237
222608499
222540714
222507109
222455465
222419057
222268590
222257533
222245667
222165762
222093177
222052790
221651407
221618470
221605254
221585828
221366485
221325289
221304828
221276157
221172954
220983518
220922773
220830789
220709365
220670126
220544354
220495674
220456719
220197345
220116689
220110289
220094515
220000294
219901460
219854753
219842757
219778319
219763956
219481035
219119654
219107583
218968041
218839224
218728541
218635637
218626412
218413395
218300603
218282761
218261718
218106204
217949486
217876402
217780715
217485892
217434825
217336375
217186490
217165131
217033893
216815675
216738953
216694853
216658377
216640907
216585922
216441482
216424445
216302360
216239831
216146602
215961344
215945405
215520565
215437974
215277504
215238208
215165883
215062929
214694076
214550820
214522824
214227108
213879727
213746815
213606867
213443415
213434980
212959721
212822312
212493563
212473680
212189497
212030029
211772197
211583612
211442739
211361514
211196850
211110834
211067449
210947670
210241016
210174075
210035320
210027355
209802221
209786489
209671818
209599081
209392518
209318565
209090810
209041058
208968723
208938616
208810420
208712506
208694709
208666968
208595654
208523782
208421302
208241562
208104859
208070104
207944509
207877014
207739722
207620850
207583723
207566302
206883140
206786291
206725281
206722548
206161911
205696863
205694303
205073786
205068269
205006798
204792119
204499576
204487659
204379563
204336211
204285757
204050149
203868768
203855144
203512772
202976904
202891569
202761672
202339546
202281973
202127346
202100564
202015861
201770457
201761514
201451908
201440746
201378269
201221514
200994914
200522778
200517981
200498730
200341881
200207632
199918691
199890678
199740373
199501711
199388056
199264756
199170937
198837036
198732576
198674640
198661075
198483172
198434689
198293580
198087882
197943103
197862200
197711443
197622087
197559308
197406355
197336904
197065380
196986887
196663577
196347969
196343602
196177510
195845918
195769373
195580052
195548305
195334861
195203267
194958064
194957313
194951264
194831713
194428380
194375081
194088675
194004052
193614712
193423531
193421144
193355934
193256822
193237673
192989152
192979219
192930713
192880340
192853981
192664447
192335842
192301700
192145322
192009257
191846573
191777785
191637748
191443603
191430406
191238027
190708490
190453877
190429135
190255085
190029197
189780470
189757152
189532447
189434993
189384804
188937268
188888060
188823136
188769179
188676626
188593122
188448927
188386965
188309502
187900519
187751289
187547502
187505654
187374835
187008900
186950074
186801466
186616622
186598967
186407303
186384176
186326032
186196710
185840344
185738848
185534951
185418032
185245919
185204199
185190066
185138697
185133441
184943367
184807117
184737619
184733249
184724354
184681424
184639934
184564885
184269814
184161722
184058729
183983174
183888309
183821754
183778113
183112421
183048473
182966172
182901529
182863132
182600535
182364420
182338765
182068733
182027294
181839645
181820554
181818723
181785901
181604314
181313339
180699325
180271010
180146978
180109443
179748402
179482329
179363688
178997409
178985163
178973786
178734581
178672175
178668965
178632939
178445538
178200997
178064048
177778048
177179842
177072949
176965876
176827580
176712563
176683714
176626077
176598621
176505446
176354092
176316994
176303544
175753491
175707285
175471033
175392113
174806484
174625318
174371992
174268984
174216715
174151729
173821213
173631450
173617821
173488290
173457050
173411730
173352534
173238729
173085954
173078614
173010802
172961882
172787623
172769443
172764573
172745534
172420546
172400506
172255917
172190776
172076332
172074682
171917769
171733064
171508153
171188339
171184918
170987770
170928749
170824051
170788104
170761563
170678971
170591884
170538946
170347959
170210400
170181743
169965805
169789524
169768668
169632094
169535274
169483376
169461829
169419659
169204833
169157017
169083631
168893098
168798303
168786685
168761637
168603168
168571609
168545621
168507337
168182815
168161817
168020379
167870011
167742423
167693133
167629801
167593579
167443141
167410724
167293715
167253540
167075134
166968569
166942685
166893022
166879612
166811203
166652674
166627744
166501650
166440288
166381690
166137080
165909389
165889587
165796468
165726915
165605829
165477833
165249699
165185748
164813537
164546408
164542009
164510747
164415487
164351999
164293942
164088459
163900328
163893264
163870290
163806152
163675715
163663344
163355034
163259280
163163158
163100471
162991832
162964427
162733656
162699133
162577232
162500080
162458157
162428885
162380762
162148306
162089333
161922655
161452597
161418804
161381022
161192754
160537737
160439865
160283423
160195690
159980696
159904703
159714454
159705216
159345656
159236654
159036976
159030783
159011531
158845770
158836454
158769235
158711254
158672694
158562670
158548473
158468888
158237083
158228940
158168029
158101005
157950331
157820057
157798552
157796397
157740488
157738447
157658031
157621196
157567148
157357544
157202593
157095238
156923876
156587514
156585076
156565083
156451810
156449307
156396712
156321918
156280898
156244890
156055521
156026498
155741771
155662660
155534497
155502645
155380745
155312977
155163985
155135580
155113824
155030457
155008679
154747459
154591816
154558540
154484523
154299801
154293979
154274657
154186943
153706900
153695234
153604824
153415373
153213973
152991557
152628865
152462690
152327366
152290649
152144384
151982497
151932747
151907220
151817123
151734415
151712485
151683434
151430438
151279914
151198828
151050079
151002959
150994627
150908997
150772065
150366535
150213866
150073245
149946441
149938578
149819204
149710269
149441597
148672643
148552522
148251264
147845538
147752901
147504877
146996822
146877866
146791929
146780710
146684739
146553699
146492579
146480730
146257762
145977604
145921234
145872399
145832054
145699730
145484228
145426271
145236867
145165671
145124567
144915663
144859777
144741797
144706741
144692339
144177873
144142908
144016846
143811079
143607391
143407269
143266506
143257918
143192059
143038146
142849749
142807154
142618261
142479108
142430723
142331918
142311369
142172559
142085612
142060252
141848944
141785178
141780065
141600223
141486564
141434740
141368956
141182958
141160459
141123875
141015667
140945506
140941556
140716102
140278361
140180859
140156342
140095050
139883403
139855944
139587861
139391074
139364712
139117988
139030795
138778681
138729202
138696442
138675115
138486953
138378777
138242117
138233622
138195069
137948376
137932239
137667144
137651616
137463211
137463111
137418547
137401563
137284857
137150938
136996605
136886178
136764746
136619110
136522811
136511394
136478159
136302999
136299658
136206365
136201051
136140698
136116422
136102605
136011105
135993440
135778832
135762117
135720889
135717652
135068703
134933726
134918156
134903042
134876086
134870109
134853256
134816845
134757031
134602815
134472604
134467347
134413630
134388709
134261275
134238506
134136888
134026694
133536585
133340268
133323869
133274547
133208214
133198641
133116437
132909995
132906343
132895178
132761523
132659004
132481284
132462473
132288698
132193505
132090262
132071085
131916588
131653848
131496267
131442764
131422861
131349591
131153150
131145969
131048474
131007631
130848369
130830139
130660906
130551674
130542633
130280040
130250367
130208258
130108946
129914988
129555770
129332465
129018859
128817062
128809555
128732532
128551139
128538592
128392883
128390686
128362530
128272563
128243811
128200026
128154891
128025999
127952408
127935047
127911661
127713542
127686079
127617214
127598656
127579775
127374633
127315506
127210104
126702792
126360087
126279220
126043171
125764594
125741096
125378960
125277543
125254744
125217329
125008962
124978026
124946484
124837474
124836209
124358743
124358595
124249882
124040808
123975504
123841822
123748812
123716459
123349299
123301821
123295928
123058690
122672367
122374113
122203687
122186762
122101018
121888409
121807829
121767052
121599682
121387360
121362097
121273599
121115909
121040854
120947385
120673038
120625134
120441443
119960294
119634108
119330825
118541202
118380315
118110255
118107014
117916069
117764363
117665575
117655626
117579311
117560096
117449431
117304409
117173055
117007401
116918057
116888782
116766146
116652763
116624255
116610088
116591173
116548824
116496043
116356758
116161487
115741652
115187311
115160743
115056986
115040233
114941441
114883161
114668262
113769977
113547072
113385728
113365360
113221125
113199738
112595051
112367023
112327125
112131608
112113517
112045187
111733659
111603356
111453152
111379900
111235107
111113352
110977316
110883949
110589940
110547367
110445998
110313004
110299539
110078262
109811417
109794218
109758538
109539137
109527951
109446054
108970362
108949491
108817207
108793116
108791802
108291122
108028259
107820978
107692007
107410342
107241962
107009450
106991595
106829129
106696486
106510575
106451872
106338689
106270467
106236109
106220435
106088711
105985581
105932376
105925523
105513635
105462854
105393722
105364799
105250020
105175969
104862171
104815982
104675548
104010781
103877697
103847388
103810708
103753592
103735036
103694225
103627366
103591160
103231229
102933043
102928772
102923512
102701877
102668043
102644836
102604501
102568190
102417386
102238348
102162936
101903739
101902550
101756143
100971353
100815419
100807985
100649758
100482618
100398550
100383601
100324339
100296636
100282702
100243695
100077380
99708977
99613979
99550845
99295531
98960665
98879462
98862703
98860512
98794361
98755039
98720474
98688876
98528470
98496533
98307421
98221004
98120570
98104619
97942758
97847238
97712662
97614392
97592767
97589644
97565638
97368361
97320234
97271025
97233479
97220877
97084520
96959196
96770324
96702950
96692384
96595478
96484709
96374719
96187674
95926084
95849214
95631112
95519228
95242418
94977083
94975190
94848600
94844929
94823554
94666313
94021555
93950255
93946876
93914287
93630064
93582669
93524769
93440058
93403750
93249928
93174345
93055280
92914616
92897664
92806034
92787687
92636771
92606685
92479778
92339979
92337827
92264927
91878416
91830365
91705001
91465587
91130679
91069151
90977828
90940488
90838476
90767865
90591683
90578409
90475251
90321088
90263233
90180387
89867050
89676483
89421424
88876282
88724925
88703188
88653879
88412015
88239894
88159659
88013493
87524850
87349955
87340265
87246667
87066027
87013865
86875494
86864705
86838891
86757912
86373611
86314169
86280121
86017456
85984145
85960102
85919749
85750382
85660692
85620178
85570041
85553542
85361771
85310789
85301318
85257345
84762983
84610595
84489557
84462757
84307764
84300929
84248288
84220816
84144129
83962976
83872619
83869437
83824522
83768847
83620739
83593745
83591325
83476474
83378380
83256406
83182223
83065388
83055338
82855610
82756960
82744251
82716203
82695672
82543484
82326137
82249522
82199882
82185077
82159603
82025392
81969390
81949639
81913815
81874315
81824932
81757959
81512898
81458945
81144617
80816563
80638630
80495305
80481470
80368568
80286111
80086148
80023735
80013935
79922559
79888382
79876783
79772799
79548636
79546552
79539819
79392205
79302431
79236949
79166097
78999021
78937835
78936914
78919583
78860608
78611654
78567670
78345894
78176764
78164206
78069802
78061359
77937768
77936340
77886935
77729685
77666806
77342789
77227548
77206456
77010651
76985130
76980140
76804141
76657235
76621093
76371122
76276071
76009487
75748523
75552830
75376880
75190716
75073622
74910731
74855363
74721693
74696330
74688859
74634332
74548738
74489837
74446370
74352119
74309246
74294161
74078276
73893873
73837227
73778135
73732298
73656965
73516294
73279520
73205320
73043513
73011575
72969154
72952999
72924848
72736867
72701576
72603814
72440055
72408550
72365676
72019067
71904973
71764945
71752626
71732855
71722801
71539643
71527223
71505553
71497000
71444937
71278651
71216304
71192292
71110472
71037464
70987800
70907712
70867449
70831355
70759971
70742405
70573263
70527421
70517065
70484165
70349413
70061364
70002561
69773401
69716131
69617266
69519067
69448933
69255400
69167681
69116161
69061637
69059200
69024241
69009319
68930588
68850594
68598330
68542297
68490940
68470220
68463257
68333326
68181863
68148291
68146312
68131680
68085496
67543689
67077399
67018312
66804075
66800042
66692073
66580419
65980963
65932005
65750453
65710700
65696658
65580595
65526557
65512998
65433204
65356756
65275543
65273409
65188701
65122999
65014959
64942999
64932710
64932696
64879204
64864301
64859562
64851516
64693707
64619233
64262762
64106858
63989635
63583509
63438324
63361956
63113031
63008096
62857028
62817809
62741686
62675832
62654155
62639803
62537575
62494747
62482526
62404758
62370838
62304518
62287848
62279502
62261574
62249421
62188888
62136143
62042333
62033791
61977636
61919736
61846435
61802047
61756303
61627493
61578318
61521383
61403472
61271663
61263184
61224209
61174943
61150259
61141799
61129952
61093863
61029186
60995018
60930681
60907072
60893423
60885204
60791820
60775396
60734339
60692772
60469240
60448578
60373704
60352691
60320478
60313086
60311510
60270642
60257820
60162874
60115492
60084281
60075725
60070750
59981355
59978473
59870707
59782045
59778099
59751061
59405745
59332182
59324894
59226551
59210137
59171531
59140337
59124702
59099601
59091896
59084718
59050025
58936858
58925027
58900979
58870030
611096
606217
603915
603270
601917
600299
598613
595857
594801
585191
584047
580624
575722
574189
573279
564962
560128
559048
558430
557554
553461
552058
551266
548877
545860
541411
537976
507281
505571
501049
498826
495908
492979
492332
491594
490125
486866
486629
484043
483710
483397
475616
471534
468778
467767
464235
463189
453850
449574
448660
448599
447810
445598
443835
443801
441723
439245
437007
435747
431354
431100
422049
421841
417617
415925
415512
413898
413764
413562
413493
413426
413317
410021
407261
405364
402377
394555
394317
392912
392161
389900
386483
386437
382229
379263
377829
376561
361484
357457
357118
356326
347342
339400
337698
334454
333412
326387
326353
321302
300032
298158
282259
275921
270078
269497
267969
267100
264400
261944
244041
240128
239799
239596
238447
236632
234002
228670
226613
225606
224923
224867
221850
218962
218768
212678
212213
209405
205457
203391
200489
198295
191224
190546
182137
181746
181681
180935
180235
178955
174968
171424
170887
170158
166232
166219
165011
164496
162682
157960
156723
155594
151312
148567
147416
147091
143687
142199
139235
135213
131882
131667
130572
128377
127909
123497
122134
116351
114586
108221
101840
98761
97298
95220
91918
91495
91041
90685
90578
90554
89735
88213
87272
86851
84987
81485
81258
78303
77026
75643
75109
74850
71949
70788
69888
69665
69596
68909
67260
61243
59490
57811
53730
52933
51771
49434
46860
42819
42221
40985
40655
37192
35854
34549
34516
34392
34272
33791
32905
32503
32253
32116
31391
31095
30953
30716
29734
29597
25758
24919
24817
22889
22591
17174
