224356732
224356699
224356690
224356567
224356389
224354927
224354830
224353624
224353582
224353232
224352693
224352666
224352389
224351612
224351602
224351054
224350695
224350117
224349705
224349662
224349643
224349602
224349162
224349127
224349114
224348680
224348643
224348629
224348541
224348238
224348021
224347505
224345973
224345909
224345775
224345699
224345458
224345369
224344828
224344769
224344405
224344257
224344193
224344015
224343447
224343254
224343235
224343093
224342907
224342390
224342050
224341876
224341593
224340490
224340396
224340226
224340101
224339982
224339554
224339435
224338546
224338365
224338211
224338201
224338036
224337882
224337765
224337531
224337369
224337158
224336740
224336670
224336587
224336282
224336264
224335965
224335930
224335505
224334914
224334147
224334090
224333871
224333726
224333570
224333567
224333352
224333241
224333097
224332777
224332600
224332043
224331867
224330151
224329985
224329896
224329777
224329722
224329351
224329302
224329249
224329172
224329089
224328910
224328864
224328297
224327892
224327413
224327051
224327045
224326899
224326493
224326307
224326247
224326181
224326179
224325606
224325584
224324665
224324117
224324042
224323996
224323132
224316079
224315873
224315786
224315633
224315518
224315476
224315282
224315193
224314775
224313850
224313664
224312871
224312208
224311955
224310981
224310723
224310643
224310427
224310303
224310266
224310168
224310163
224310104
224310002
224309926
224309693
224309644
224309255
224309112
224308716
224308166
224308095
224308000
224307692
224307186
224306961
224306814
224306625
224306331
224306285
224306093
224305933
224305807
224305749
224305700
224305693
224305683
224305643
224305573
224305099
224305022
224304480
224304463
224304193
224304149
224303976
224303617
224303398
224302946
224302658
224302450
224302370
224301833
224301617
224301495
224301379
224301122
224301052
224300878
224300708
224300699
224300594
224300515
224300244
224300235
224299698
224299350
224299217
224298663
224298646
224297797
224297781
224297769
224297636
224297375
224297250
224296949
224296944
224296370
224296352
224296065
224295432
224295152
224294364
224293978
224293905
224293826
224293171
224292715
224292702
224292618
224292417
224292189
224291994
224291945
224291584
224291043
224290874
224290846
224290237
224290192
224290126
224290034
224289877
224289767
224289449
224289186
224289055
224288870
224288355
224288093
224287798
224287427
224287286
224286836
224285509
224285439
224285406
224285354
224285271
224285030
224284827
224284696
224284242
224283390
224282987
224282948
224282875
224282837
224282481
224282202
224282134
224282065
224281966
224281750
224281645
224281208
224281027
224280994
224280635
224280113
224280057
224280028
224279933
224279693
224279615
224279522
224279223
224279202
224278162
224277733
224277073
224276216
224275692
224275574
224275396
224275223
224275216
224274778
224274092
224273949
224273929
224273548
224273304
224272994
224272798
224272031
224271962
224270537
224270328
224270224
224269901
224268534
224267850
224267814
224267603
224267438
224267420
224267291
224266764
224266519
224265987
224265378
224265336
224265188
224264809
224264710
224264500
224263946
224263589
224262956
224262488
224262178
224262100
224262021
224261570
224261031
224261030
224260373
224260282
224260167
224259793
224259355
224259346
224259120
224258830
224258698
224258412
224258089
224257406
224257094
224256702
224255982
224255747
224255681
224255494
224255371
224254920
224254784
224254065
224253889
224253561
224253532
224253459
224253447
224253287
224252773
224252589
224252472
224252301
224251777
224251513
224251330
224251280
224251049
224250942
224250895
224250708
224250301
224250205
224250058
224249768
224249185
224249055
224248616
224248593
224248269
224248102
224246073
224246002
224245914
224244962
224243923
224243340
224243071
224242822
224242694
224242672
224242485
224242433
224242104
224241996
224241779
224241128
224240648
224239370
224237891
224237871
224237847
224237647
224237273
224237115
224236777
224235255
224235208
224234692
224234420
224234384
224233944
224233457
224232873
224232776
224232770
224232699
224231742
224231307
224229092
224228850
224228157
224227972
224227899
224227868
224227782
224227619
224227167
224226716
224226658
224226427
224226214
224226074
224226017
224225669
224225606
224225335
224225326
224224855
224224794
224224789
224224682
224224485
224224376
224224331
224224016
224223963
224223604
224222794
224222520
224221930
224221427
224220822
224220317
224220150
224220048
224219515
224219227
224218341
224217868
224217480
224217416
224217401
224216919
224216503
224216225
224216018
224215932
224215587
224215502
224215309
224215029
224214885
224214068
224214062
224213572
224213504
224212717
224212381
224211937
224211573
224211542
224211363
224210731
224210710
224210276
224210069
224209557
224209046
224208691
224208409
224207900
224207167
224206648
224205988
224205814
224205568
224205533
224205477
224205419
224204905
224204359
224204234
224204145
224202565
224202158
224202114
224201456
224201121
224200975
224200555
224200479
224200475
224199572
224199466
224198459
224197616
224197363
224197341
224197125
224196916
224196825
224196424
224196280
224196151
224195188
224193835
224193364
224193147
224193009
224193007
224192500
224191763
224191693
224191418
224191223
224191218
224191169
224191065
224190965
224190466
224189652
224189530
224189518
224189331
224189290
224188947
224188470
224188384
224188332
224187729
224186453
224186256
224186091
224186019
224185959
224185513
224185472
224184995
224184517
224184495
224184132
224182905
224182792
224181870
224181565
224181349
224181296
224181266
224181156
224180870
224180490
224180353
224180245
224179442
224178699
224178472
224177837
224177802
224177577
224177538
224176530
224176527
224176168
224176091
224175596
224175545
224175400
224175188
224174752
224174583
224174470
224174369
224174126
224174007
224173911
224173556
224173529
224173234
224173227
224173195
224172993
224172810
224172670
224172624
224172251
224172139
224171945
224171917
224171271
224171206
224171199
224170708
224170197
224170091
224169860
224169715
224169616
224169482
224168423
224168275
224168086
224168080
224167554
224166737
224166497
224166314
224165998
224165979
224164296
224164165
224163439
224163114
224162949
224162513
224162263
224162206
224162183
224161664
224161443
224160908
224160829
224160812
224160570
224160536
224160363
224160303
224159111
224159080
224158984
224158773
224158527
224156796
224156622
224156618
224156587
224156552
224156416
224156316
224156208
224155868
224155485
224155474
224155053
224154836
224154748
224154533
224154530
224152545
224152184
224151882
224151563
224150390
224150271
224149903
224149500
224149390
224149161
224148968
224148783
224148627
224146823
224146497
224146446
224146105
224145902
224145901
224145396
224145301
224144800
224144787
224144399
224143994
224143973
224143871
224143143
224143130
224143039
224142431
224142257
224142026
224140759
224139605
224138641
224138478
224138415
224136064
224135968
224135399
224134994
224134940
224134904
224134868
224134825
224134749
224134443
224134203
224133898
224133891
224133839
224133371
224132698
224132591
224132580
224132522
224131758
224131558
224131516
224131317
224131102
224130531
224130470
224130232
224130204
224129863
224129711
224129497
224129229
224129042
224128691
224128615
224128311
224127894
224127771
224127719
224127701
224127121
224126832
224126820
224126739
224126677
224126246
224125850
224124845
224124652
224123670
224122923
224122624
224122468
224122117
224122113
224121035
224120731
224120648
224120499
224120337
224120314
224119824
224118137
224118124
224117774
224117439
224117420
224117369
224116997
224116887
224116819
224116809
224116542
224115507
224115335
224114636
224114519
224113342
224112989
224112871
224112594
224112271
224111973
224111870
224111607
224110661
224110606
224110114
224109180
224109134
224108961
224108523
224108155
224107691
224107654
224107519
224107275
224107153
224106988
224106091
224105716
224105519
224105445
224105317
224105151
224105002
224104884
224104499
224104297
224104022
224103926
224103610
224103332
224103322
224102536
224102532
224102503
224102466
224102166
224102045
224101633
224101509
224101209
224100748
224100639
224100602
224100270
224099979
224099837
224099716
224099351
224099336
224099311
224098958
224098588
224098279
224098240
224098123
224097588
224097508
224097028
224096974
224096923
224096789
224096666
224096606
224096588
224096486
224096007
224095678
224095619
224095542
224095475
224095387
224095171
224094801
224094751
224094458
224094407
224094141
224093710
224093256
224093086
224093058
224092810
224092433
224092062
224091984
224091901
224091818
224091737
224091451
224091078
224090242
224090160
224089884
224089783
224089490
224089188
224088897
224088754
224088750
224088580
224088502
224088339
224087831
224087525
224087475
224087153
224087112
224086872
224086403
224086368
224085144
224085090
224084627
224084355
224084311
224084205
224083730
224083575
224083427
224083374
224083366
224083355
224083334
224083185
224082638
224082516
224081961
224081844
224081776
224081593
224081552
224081336
224080412
224079882
224079735
224079354
224078496
224078437
224078391
224077908
224077519
224077016
224076979
224076778
224076080
224075885
224075491
224075388
224075071
224074563
224074264
224074218
224072850
224072516
224072352
224072233
224072026
224071808
224071741
224071383
224071359
224071144
224071143
224071053
224070947
224069383
224069224
224068888
224068638
224068543
224068382
224068258
224067773
224067577
224067421
224067293
224067024
224066763
224066141
224065938
224065648
224064994
224064957
224063990
224063694
224063654
224063635
224063183
224062224
224062091
224061820
224061704
224061271
224060725
224060590
224060499
224059771
224059680
224059343
224059135
224059010
224058816
224058807
224058755
224058573
224058536
224058292
224057706
224057686
224057500
224056392
224055890
224055860
224055693
224055681
224055092
224054976
224054432
224054384
224053602
224053370
224052809
224052492
224052267
224052122
224051912
224051797
224050720
224050609
224050508
224050293
224050119
224050078
224049857
224049770
224049620
224048994
224048878
224048680
224048659
224048466
224046860
224046832
224046613
224046549
224046442
224046131
224045635
224045211
224045159
224044832
224044617
224044605
224044553
224044010
224043922
224043885
224043737
224043544
224043231
224042934
224042827
224042805
224042206
224041454
224041442
223902478
223706176
223382123
223160870
223117418
223106129
223024700
222947206
222912121
222744293
222694732
222556735
222439584
222330198
222207579
222091434
221721824
221657854
221527204
221123052
220996518
220962633
220947755
220942113
220758018
220715597
220636560
220559339
220261543
220092556
219893365
219811913
219596319
219368438
219330589
219307929
219256120
219051072
219038409
219035292
218951657
218908820
218760680
218746932
218711150
218563017
218317560
218069861
217921339
217875562
217676623
217491159
217167277
217166250
217098584
217025793
217000552
216964724
216619332
216561756
216489106
216472748
216414028
216325710
216172051
216085979
215953287
215865204
215799529
215660487
215594613
215483466
215379769
215345198
215282504
215093037
214878257
214869745
214699555
214455079
214441187
214417172
214329135
214297661
214183521
214066160
214058311
213971927
213831384
213742230
213491743
213468136
213441749
213252669
213233830
213219491
213058074
213011463
212980516
212918894
212874822
212620303
212417032
212337486
212213008
212120610
211909424
211871299
211750062
211595887
211572668
211518302
211473231
211189606
210959894
210933566
210556833
210532088
210425935
210060445
210050113
209870941
209438843
209416354
209295009
209096210
209092211
209039119
209014703
208960026
208925445
208850546
208834204
208769764
208719060
208619899
208585636
208556523
208471286
208337949
208281749
207841666
207827366
207704280
207582349
207463722
207406934
207377105
207335688
207320485
207288595
207249160
207241811
207106019
207067964
207031969
206801739
206613745
206560247
206455242
206421181
206348087
206249971
206249477
206227066
206154785
206131612
206050398
205948193
205926489
205896871
205849040
205771522
205689797
205606997
205578400
205531682
205449517
205366743
205067884
204953395
204908806
204718578
204629356
204615516
204543689
204422462
204295526
204260126
204221440
204110646
203836958
203834818
203754776
203622899
203615436
203600344
203066831
202906227
202129257
201827189
201577898
201547563
201392358
201361684
201344934
201275915
201033645
200804262
200742486
200563514
200553117
200381861
200160936
199983307
199839781
199795444
199690477
199544228
199497292
199162087
199131734
198868872
198853836
198844431
198784703
198754128
198455729
198439390
198402829
198132007
198046787
198029428
197972190
197689727
197486571
197432216
197364259
197247601
197188378
197096761
197047605
196775771
196644451
196597339
196493036
196289921
196273284
196228966
196142764
195768019
195593543
195393454
195295662
195048787
194827172
194767306
194230147
194004631
193633448
193541833
193523844
193388851
193372468
193365988
193282441
193218552
193128805
192934743
192931693
192689482
192580511
192467575
192259346
192089463
192068502
190960637
190814505
190670041
190377114
190370147
190346912
190062673
189948387
189879322
189842919
189732898
189623578
189174394
188968376
188926695
188832393
188641211
188563938
188563596
188377359
188200706
188065273
187941566
187876861
187766306
187686610
187464203
187463064
187224513
186895366
186892772
186765663
186764372
186398874
186191359
186049472
185783804
185766619
185672480
185622129
185529437
185272596
185116883
185049630
184993342
184725482
184695132
184681031
184525309
184458904
184311287
184077797
183963157
183801276
183783566
183684315
183487109
183485439
183032548
182903892
182767142
182741420
182671384
182467567
182454594
182263063
182237083
182140243
182092897
181874691
181743912
181650757
181556759
180978943
180973888
180890637
180816037
180680832
180491664
180366426
180331386
180110740
180018603
179879075
179699027
178956885
178939604
178893459
178868853
178774259
178610741
178300524
178273274
178266681
177960105
177910903
177711164
177585255
177553829
177400621
177374878
177374414
177356216
177148135
177144964
177113811
177111060
176947986
176945924
176890069
176758640
176733626
176450447
176111308
175810314
175627357
175625342
175616093
175548282
175312552
175134228
174967112
174741439
174588041
174277208
174164574
174157827
174013678
173933691
173704984
173598938
173486614
173328710
172845820
172825290
172648131
172587097
172455954
172270669
172153772
172006367
171931667
171923340
171709999
171551224
171534338
171494619
171443434
171380721
171219387
171206893
171195835
170938886
170931930
170881364
170827019
170554293
170365567
170222369
170163570
170150208
169827241
169775299
169738971
169726560
169655465
169655010
169572219
169135514
169019912
168914231
168740266
168736149
168454966
168072816
167804433
167637126
167559049
167549293
167383138
167380111
167210361
166975800
166940681
166541716
166426101
166376226
166367257
166306661
166286744
166236416
165993418
165893957
165837972
165591836
165414515
165381496
165027231
164997514
164828521
164723666
164541642
164516506
164509759
164444481
164118887
163770060
163704918
163142803
163134024
163071043
163053909
162812501
162792043
162778382
162661962
162363583
162254949
162098211
161930530
161566151
161515994
161358221
161313882
161124111
161121153
161097694
161054129
161046719
161011859
161006752
160979579
160966520
160822664
160794468
160486000
160176007
160148140
159983581
159978790
159918056
159742285
159633329
159567992
159485948
159443607
159350287
159246927
159089597
158744398
158658687
158627980
158457534
158179510
158004144
157961087
157602345
157253192
157149219
157127765
156730684
156672320
156525243
156411979
156295433
156085874
155660236
155037700
155018264
154977479
154780130
154528554
154441539
154306695
154235633
154197128
154147755
154121031
153903604
153624098
153598409
153426650
153281927
153064894
152829879
152751507
152729800
152710663
152452826
152313727
152115924
151975351
151767876
151614387
151508390
151419873
151186469
150882178
150706703
150678649
150489979
150437898
150347761
150301724
150135017
149956697
149903498
149838867
149724154
149593556
149263425
149114483
149098976
148415011
148197217
148126083
148050103
147899138
147876492
147518107
147269924
147179257
147120164
146786634
146740858
146698782
146623272
146458615
146390617
146253541
146239337
146191625
146153404
145882106
145839435
145825389
145765210
145690714
145588303
145525406
145318731
145275480
145006668
144915434
144885569
144777110
144059209
144002055
143919774
143916419
143834270
143572106
143516896
143426010
143365072
143237401
143121175
142937865
142856150
142843210
142535908
142512815
142390496
142352252
142153048
142143521
141928787
141490659
141168946
140783412
140406472
140387605
140343026
140295790
140188692
139904589
139757128
139645688
139564793
139540883
139419900
139319137
139310544
139101018
138802692
138351280
138132437
137868323
137642312
137635436
137315654
137234692
137105649
136984508
136833261
136630234
136576060
136379799
136238838
136044088
135978556
135852638
135805093
135699230
135692109
135234478
135030114
134813215
134791468
134722935
134674480
134564416
134485185
134331522
134102882
134085555
133801484
133683085
133550623
133480018
133478439
133453296
133435701
133360384
133356575
133330946
133329952
133209814
133081549
133010078
132424978
132381925
132281925
132270708
132063497
132043772
131993660
131876619
131861457
131821382
131770292
131683796
131602833
131540982
131519923
131072662
131023087
130619504
130428526
130252467
129836495
129810358
129762745
129727028
129714927
129669879
129535895
129398408
129265168
129217884
129140095
128969323
128888109
128772585
128729078
128570565
128456878
128333093
128229610
128101490
128091543
128076196
128039841
128032485
128023183
127962801
127490596
127421450
127339003
127055867
126876025
126850498
126844600
126692510
126482037
126253705
125986556
125968578
125706067
125378144
125081484
124948454
124908835
124888737
124426250
124148624
124053919
123885953
123734304
123603771
123595262
123588205
123441529
123172148
123124057
123027031
122937443
122903908
122556887
122389636
122228020
122160888
122099727
121729094
121518467
121481025
121354851
121301447
121132172
120980030
120908212
120817807
120769616
120755076
120654093
120605495
120497099
120163994
119929332
119410089
119377616
119295661
119274514
118950019
118821866
118554818
118511590
118057094
117990660
117971268
117923049
117915737
117891688
117828538
117627195
117308192
117115109
116847357
116759782
116705630
116277756
116192131
115456757
115428256
114968017
114812924
114781943
114565824
114338600
114279573
114014625
113921028
113911577
113803235
113794901
113612278
113507569
113493191
113393100
113312589
112874182
112756486
112701185
112581329
112520668
112483223
112443901
112292514
112267335
112251782
112090282
111991927
111955705
111930312
111863241
111826312
111771662
111634033
111627435
111466276
111335742
111329057
111304377
111094193
110983254
110869323
110691098
110496059
110469816
110423075
110337997
110315365
110275358
110191688
109973494
109961371
109725004
109695044
109664457
109462211
109168123
109118090
109105760
108584447
108359441
108096717
108074249
108024102
107990498
107949319
107777263
107732862
107593610
107545807
107255247
107242853
107239545
107002843
106997436
106869940
106790305
106712961
106575077
106421789
106039257
106002357
105908934
105843551
105804439
105747247
105214795
105207774
104805528
104661001
104653490
104211256
103964884
103900229
103839883
103789564
103776570
103656606
103435387
103027256
103023942
102982466
102958137
102897957
102808669
102615428
102462599
102359232
102305628
102023384
101850384
101799189
101716612
101614240
101495728
101435628
101383882
101342546
101263060
101259442
101247499
101113230
101008771
100748403
100729214
100619023
100476746
100420878
100309327
100259991
100234065
100223147
100152023
99586290
99555104
99553508
99436322
99295471
99183749
99088459
98951777
98869064
98710226
98532200
98510715
98421316
98324658
98201147
98081777
97921542
97494763
97476433
97327035
97309159
97138910
97056059
96916184
96905487
96882045
96851902
96785591
96725158
96698700
96542723
96494613
96458939
96388358
96381797
96374932
96340673
96234293
96121419
96119069
96040668
96019896
95934952
95927896
95706956
95663801
95602904
95555667
95536718
95527967
95310749
95168772
95156658
95124426
95115522
94944403
94774961
94731663
94120933
94071567
93971094
93930716
93930365
93894615
93781642
93723305
93700521
93649323
93569840
93497172
93279522
92920780
92830430
92802054
92783144
92668850
92653256
92584864
92368064
92365099
92102600
91947425
91865165
91790944
91726328
91644671
91579315
91504148
91195509
91158381
91111510
90934295
90872192
90779956
90742235
90599985
90445823
90309706
90275762
90269977
90229407
90203608
90119874
90118240
90079586
89816434
89809907
89595309
89400907
89392503
89351091
89296346
89219460
89215197
89162463
89035768
88881847
88878210
88773973
88655831
88293951
88250721
88103649
88039980
87899145
87842287
87644786
87556670
87462947
87377650
87349971
87291138
87185853
87118655
86880004
86878788
86862279
86843111
86834252
86785214
86720338
86704581
86670799
86662929
86642394
86624925
86602728
86580747
86466138
86258170
86248894
86081013
85980717
85878105
85815716
85787898
85723691
85669246
85661490
85647671
85464299
85366165
85362439
85269243
85244299
85212745
85175061
85155582
85137214
84912172
84897922
84859883
84856293
84597797
84563343
84546116
84397776
84198571
84155445
84145942
84123905
84099004
84098495
84075821
84045274
83999969
83982071
83898346
83861676
83805122
83744340
83511537
83432419
83323986
83272672
83271480
83246151
83183580
83131828
83109609
83093314
82871290
82844510
82825020
82805057
82736841
82613681
82480509
82340856
82269651
82175515
82141168
82138955
82128258
82091520
81870599
81796071
81766707
81649728
81597521
81573333
81561875
81517169
81441282
81193303
81147734
81127953
81017448
80991437
80970202
80954918
80942448
80884262
80799467
80762105
80696110
80667932
80582650
80518218
80497918
80331884
80304192
80303466
80299192
80275092
80215250
80142663
80042065
80025045
80015340
80009985
79968284
79760025
79674278
79624646
79615065
79520263
79475844
79351616
79324099
79270071
79215137
79190055
79181324
79061577
79004781
78992589
78956264
78790435
78719949
78647545
78642978
78640125
78414597
78355050
78303657
78295766
78195217
78166707
78116175
78108372
78071443
77947457
77909183
77871887
77846645
77736475
77700139
77630717
77541247
77521695
77461387
77434974
76961551
76961163
76927218
76810513
76380067
76336893
76256791
76251896
76234152
76165544
76120148
76037761
76016524
75981611
75980701
75962313
75877573
75812728
75731121
75667880
75473684
75300543
75268741
75222449
75217418
75173966
75167129
75114550
75035640
75023701
74960002
74957424
74948697
74938658
74865320
74778897
74732401
74692423
74684515
74655219
74653582
74641497
74565976
74471879
74403901
74384682
74337193
74237314
74168634
74049274
74030714
73904470
73774508
73689679
73659185
73626492
73619444
73252104
73243457
73230870
73199008
73128602
73126701
73099683
73067449
72977627
72805914
72760584
72675755
72656373
72621568
72583184
72405738
72403403
72364962
72361782
72358548
72356764
72287880
72188779
72136387
72034193
72032376
71951113
71934854
71925127
71916562
71860627
71785805
71279056
71234454
71145004
71135281
71112945
71072192
71037512
71011606
70891256
70874257
70838388
70800403
70791086
70762189
70660430
70512750
70503778
70494826
70377237
70273493
70168426
70115240
70081034
70046724
69936760
69928690
69858020
69851038
69613292
69501978
69462946
69419503
69399968
69393780
69324993
69148200
68911691
68888238
68810850
68810101
68720821
68626681
68609228
68594771
68495587
68452640
68440956
68436145
68370350
68296248
68256823
68244756
68135354
68109373
68101092
67972921
67965729
67945193
67941648
67895235
67487361
67329155
67264561
67232665
67199600
67118638
67112904
66996512
66911849
66891340
66854252
66752550
66697499
66657675
66629339
66597691
66576019
66573507
66562416
66533187
66444687
66399971
66353174
66332218
66322347
66303846
66282116
66253147
66244662
66207503
66198640
66168482
65948221
65936640
65935531
65874978
65868223
65798446
65774139
65702452
65695530
65692421
65673433
65636124
65633576
65543690
65523625
65496696
65491683
65487648
65479977
65434549
65417866
65393091
65279809
65228782
65172249
65160237
65114238
65112234
65108280
65084581
65063736
65051935
65023013
64908338
64887182
64868244
64812669
64803077
64796660
64782862
64686788
64678090
64566737
64539087
64536686
64522326
64516266
64452740
64430539
64366849
64344910
64277656
64133568
64058957
64015766
63979261
63941245
63837266
63737679
63709686
63608206
63511070
63475483
63439528
63377081
63367230
63359687
63339719
63289978
63275543
63250885
63204908
63140919
63100546
63078211
63072461
63000073
62996372
62991059
62978391
62972898
62970381
62956623
62922691
62889488
62871055
62869619
62864942
62862050
62861533
62829906
62815046
62772644
62754915
62751288
62689866
62686501
62682617
62679974
62677925
62668563
62620324
62619334
62610340
62587189
62562707
62555834
62541522
62535555
62512253
62510990
62493680
62493380
62462525
62446887
62435003
62409810
62404612
62362706
62359255
62338959
62328598
62282832
62257521
62255100
62235623
62167197
62153815
62124431
62071809
62063959
62042616
62033116
62009803
61989105
61951642
61917350
61890055
61882341
61870204
61867442
61824438
61810474
61805142
61800077
61764436
61760413
61751119
61705463
61684944
61668890
61653147
61651799
61644255
61619847
61578915
61548074
61520704
61516281
61495130
61474029
61447598
61262503
61237301
61213669
61192943
61171247
61154412
61147215
61144439
61108526
61041792
61018697
61013872
61010699
60999736
60977511
60965708
60940905
60924487
60890769
60849866
60836106
60821770
60779368
60777612
60770601
60694091
60681034
60679828
60612544
60565857
60557352
60550232
60530926
60526154
60461337
60459972
60414523
60408738
60403396
60395913
60372647
60325176
60284672
60273085
60252257
60238516
60193656
60163813
60146139
60141316
60130340
60016830
59986648
59978266
59976342
59969145
59949939
59894551
59859791
59855459
59836283
59818097
59793330
59776244
59765378
59760292
59736195
59716048
59710773
59701377
59682644
59677089
59635048
59601942
59600423
59566222
59541036
59538341
59529015
59512116
59471713
59467242
59420983
59419745
59390700
59388884
59384260
59378154
59363023
59331184
59317623
59302180
59288461
59253543
59205711
59178215
59125534
59091279
59061292
59047480
59040456
59033190
59008412
58971659
58945248
58892084
58889607
58880018
58878032
58825253
1145073
1133867
1124409
1120902
1107744
1097532
1092749
1089769
1089316
1087682
1075464
1073779
1073720
1070867
1064729
1061999
1051712
1046333
1035001
1030170
1028273
1022188
1020435
1019066
1015332
1013621
1006535
1000193
985932
984927
974740
953955
951846
949334
935325
933246
931366
931137
917225
907886
901393
899075
898469
876443
876085
875894
861963
833680
833225
829870
819715
816447
815856
805524
794641
755786
743262
738770
729832
723159
720592
720495
720399
717113
706226
634446
630743
622897
612034
607619
600917
589990
588394
557270
549300
523156
520043
517663
514736
510470
495587
495253
492626
484580
478272
475662
475468
474192
468700
451845
451334
445520
445136
442260
431085
428388
421233
418115
415473
413026
411225
400867
398187
394987
387963
381325
380634
368695
362380
362157
360855
360651
360641
348304
346972
328770
326185
325538
325116
320819
318246
317520
315948
314510
312053
310773
302856
289052
282279
274979
273577
272240
269560
269479
268541
263270
260505
255162
252708
247524
233534
221692
220714
215994
207749
193680
186973
182998
182799
181906
181714
181381
180472
177979
177744
176009
175900
175459
175223
174238
174228
172034
170816
170245
163795
163517
161255
161153
158183
154697
154552
153682
151872
149648
145558
136880
133165
130515
129923
115302
114763
112942
112580
111283
111099
109330
105202
105053
103717
103328
102281
99237
99110
98935
98922
98513
98182
98089
95318
92617
92234
91039
88519
88237
87263
86352
84828
84177
84161
83944
83656
83290
83108
82826
81359
80922
80747
80076
79222
78896
78752
78181
77296
75912
75721
69229
64432
63782
50333
47353
45882
43314
41171
41008
38620
38182
35796
32223
28581
28514
28221
26557
25427
23450
22711
17135
16971
16239
15090
13908
13222
13180
12239
11112
