224355452
224354582
224354565
224353848
224353650
224352756
224349447
224349230
224346509
224346478
224342861
224342591
224342193
224342002
224340146
224339512
224339448
224338613
224337587
224337547
224336835
224336416
224336125
224335842
224335795
224335672
224333973
224333210
224333047
224332281
224331768
224331274
224330965
224330655
224330033
224329852
224329479
224328167
224327414
224327275
224327259
224326974
224326509
224325357
224324863
224324609
224316206
224316136
224315033
224312695
224312285
224312005
224311989
224311643
224311388
224310759
224309751
224309198
224309077
224308905
224305708
224305248
224304863
224303489
224302704
224300417
224299923
224299848
224299482
224298229
224298175
224297617
224297500
224297029
224293278
224292459
224291267
224291044
224289787
224288511
224288406
224286100
224285794
224284855
224284537
224283223
224283086
224281149
224280082
224279529
224279348
224278226
224278065
224277186
224277079
224273157
224273072
224271562
224270127
224269871
224267221
224266788
224266113
224265520
224265232
224265193
224264613
224264454
224264011
224263793
224262195
224260799
224257134
224255965
224255812
224255165
224254794
224254054
224254009
224252542
224252247
224251818
224250824
224250549
224249353
224248883
224248421
224248277
224248119
224246784
224246450
224245797
224243122
224241964
224241773
224236173
224236053
224233949
224233894
224233143
224230622
224226445
224225194
224223154
224221632
224220113
224218620
224218539
224216868
224215929
224215806
224215617
224214548
224213782
224213106
224212543
224212129
224210283
224209005
224207541
224205339
224204313
224202825
224201914
224201176
224199055
224194650
224194170
224194114
224192752
224192556
224192340
224191348
224190332
224188489
224188179
224188087
224186685
224186081
224185965
224184656
224179349
224178951
224178597
224177532
224177286
224176372
224176206
224175225
224174149
224173566
224173337
224172138
224171435
224170540
224170251
224170176
224170083
224169797
224169441
224168669
224168565
224168234
224167982
224164400
224164223
224163393
224162022
224161815
224161676
224161182
224160917
224160352
224157786
224157658
224156138
224156128
224154439
224153843
224152897
224152395
224152351
224152190
224151028
224150059
224148911
224146525
224146093
224144909
224144240
224144167
224143427
224143346
224142953
224142012
224141912
224141483
224140321
224139701
224139390
224138750
224138267
224136689
224135917
224135540
224135419
224135408
224135107
224134641
224134175
224132164
224130755
224130451
224130351
224130203
224129403
224129273
224127682
224127305
224123712
224123642
224123626
224123336
224122474
224120378
224119488
224119307
224118822
224118437
224118280
224117710
224116848
224115897
224114569
224113984
224113854
224113500
224112983
224111689
224111152
224108596
224108085
224107580
224106598
224105874
224103373
224101311
224100744
224100463
224099275
224099039
224097602
224096893
224092887
224092287
224091716
224083506
224083026
224081406
224081306
224080836
224080258
224078913
224078444
224078230
224077132
224075138
224075103
224070772
224070389
224067849
224067157
224066881
224063766
224063269
224062751
224062452
224062050
224061830
224059483
224059069
224058924
224058423
224058309
224057215
224055069
224054233
224053620
224052727
224051460
224049490
224049416
224049406
224049147
224047071
224046252
224045166
224044980
224044905
224044311
224043958
224042939
224042411
224041323
224041215
223359225
223218503
223204233
222309230
222173672
221440918
219927828
218875550
218201514
217989629
217062455
216812620
216788865
216782743
216630648
216358289
216199726
214914556
214742506
214516302
214483623
214105626
214047470
213994132
212711757
212291301
212142470
212029525
211843384
210974477
210385776
210308562
209850706
209185527
209076325
209069118
208884523
208637019
208250642
206617748
206537689
206386731
206352755
206162906
206139490
202632776
202387926
201522526
201226468
201155857
200726040
200387647
200020347
199752965
199271448
199123267
198736722
198255155
198197637
197039316
196289387
195420734
194005188
193942906
193742803
193699842
193240782
193012727
192957504
192947275
192911385
192835910
192092314
192041086
191835821
190833026
190469600
190037320
189973886
188580254
188559428
188189539
187664281
187232037
187165258
186768216
186600918
186390144
186166145
185656036
185395733
185118567
185108975
183881245
183521420
182948327
182810408
182280039
182080551
181500319
180316742
180177821
180084587
179853744
179779675
178968751
178881368
178833838
178459565
177741613
176728373
176570215
176337737
175614225
174998333
174924347
174388338
173864112
173638636
173418673
173312575
173244644
172840490
172550855
172521970
172250276
171692452
171246849
170838103
169893535
169755273
169668158
169586839
169354234
169296006
169250943
169126789
168783773
168765086
167394928
167295134
167277547
166515755
166427214
166009661
165933737
165832959
165734149
165305827
165158918
164695823
164622817
164486200
163941560
163418206
162752821
162712281
162277762
162164535
161813988
161581897
161318362
160549416
159508053
159153701
158968968
158349116
157594058
157383416
157316554
156463339
156397103
156159019
155544893
155489486
155317608
155057603
154967568
154901888
154716203
154594136
154588737
154184113
154162241
153953358
153734940
153683053
153215638
152814097
152571707
151997685
150903901
150861940
150585804
150518933
150335438
150012519
149965485
149763866
149666769
149494950
148800562
148788297
148735241
148653476
148591795
148523150
148299424
148106977
147806266
147581737
146815050
146789531
146692813
145938203
145748090
145139475
144948940
144767841
143432099
143252647
142516411
142510729
142283638
141513667
140342139
140336215
140260016
140244439
140197740
139734433
139631284
139512510
139181825
139048050
138791222
138709441
138580019
138204562
137555356
137106990
137087306
136897753
136582784
136538849
136474031
136229966
135858822
135557298
135545012
135525813
135425946
134698388
134603505
134402231
134348240
133540508
133190154
133010525
132470055
132453562
132424460
132281479
132058475
131997795
131577974
131207291
131008005
130490645
130098115
129863701
129826916
129606506
129302781
129186567
128895242
128761316
128579378
128494833
128368145
128327175
128269413
127606702
127498927
127444793
127346412
127257740
127230596
127202914
126546497
126412044
126028094
125797657
125576903
125402933
125177875
125172898
125091257
124724676
124667109
124151176
123768777
123758626
123168842
123085293
122974152
122954299
122746854
122693118
122644612
122415815
122084160
121875378
121782536
121770543
121720820
121667710
120797559
120079303
119739859
119615608
119563569
119425548
119389135
119181883
119156603
119115343
119115155
118822920
118803167
118690312
118372170
118364509
118342082
118315778
117975669
117590134
117540014
117213945
117111667
117064560
116794109
116774864
116690504
116563068
116344656
116272215
116139290
116137111
116027503
115881544
115852744
115807057
115707096
115651384
115627199
115611546
115316390
115292154
115267554
115256800
115126822
114694545
114652466
114535802
114521463
114495899
114404979
114349372
114254087
113745528
113704814
113669629
113585370
113538289
113529967
113345339
113248137
113105340
113086816
112851852
112758715
112660025
112633467
112391269
112167276
112151148
112149780
112144336
111883894
111800900
111796400
111520438
111433882
111020727
110760535
110617005
110471973
110469560
110345550
110262043
110242185
110217930
110032799
109551933
109459669
109421839
109388967
109195467
109174155
109149990
108973986
108937118
108901048
108745430
108553576
108380357
108120940
108097217
107963840
107916576
107762947
107699147
107667822
107649961
107597064
107584699
107568646
107500340
107478116
107350842
107286721
107206904
107194394
107180632
107153367
107095411
106970687
106969591
106934906
106878021
106834240
106820329
106543003
106364661
106232126
106211875
106208784
106193948
106147654
106071206
106057608
105973791
105940767
105897683
105875476
105720816
105703504
105668931
105582364
105559224
105528023
105443552
105433124
105382813
105343656
105065498
105043636
105000567
104934787
104930998
104813219
104793158
104785883
104727601
104530186
104402595
104227186
104147208
103988175
103955258
103886831
103696606
103661660
103640884
103595139
103580846
103529029
103474003
103469592
103015403
103000849
102878531
102809962
102721956
102684099
102584029
102549218
102506408
102490628
102325493
102320107
102307734
102228980
102192311
102183838
102180027
102146928
102135350
102104888
102090953
102062905
102019201
101996929
101978232
101962713
101940845
101919659
101887449
101877097
101864430
101856693
101842212
101832936
66338210
66189432
57013461
55127116
16632686
1201739
1199343
1193073
1192309
1188623
1181148
1165756
1146951
1143323
1118658
1008852
992292
966090
923704
680624
496408
448281
294203
94897
91890
88444
86173
83840
80352
75805
63938
49552
29599
25187
25020
24044
16883
12147
