224356831
224356746
224356356
224356261
224356221
224355101
224353590
224353330
224353108
224352775
224352653
224352257
224351094
224351075
224349611
224349173
224348416
224347895
224346756
224346755
224346455
224346271
224345516
224344449
224344275
224343450
224343091
224342526
224342233
224342136
224340423
224338656
224337845
224337638
224334974
224334842
224334698
224334312
224333723
224333136
224332888
224332074
224331907
224328266
224327500
224326886
224325240
224316140
224315860
224315616
224315481
224314606
224314589
224313941
224313680
224311723
224310922
224309829
224308558
224308465
224307500
224307452
224307416
224307390
224307130
224306707
224306705
224306468
224306244
224305580
224305250
224304656
224304537
224304526
224304305
224304251
224303724
224303695
224303475
224303126
224302949
224302470
224302350
224301185
224300959
224300463
224300300
224300273
224300144
224300088
224299994
224299860
224299729
224299507
224299231
224299185
224297610
224297592
224297496
224297162
224296998
224295758
224295362
224295271
224294495
224293677
224292793
224292254
224292218
224291658
224291618
224291412
224290466
224290004
224289380
224288213
224286340
224286170
224286052
224285111
224285005
224283448
224283105
224282702
224281896
224281847
224281634
224281462
224281162
224280036
224279952
224278601
224278246
224278234
224277485
224277457
224277384
224277055
224276750
224276749
224276644
224275750
224274507
224274249
224273747
224272582
224272553
224271080
224270450
224269900
224269290
224268775
224268003
224267661
224267643
224266586
224266286
224266234
224265287
224263398
224263269
224263111
224261557
224261114
224256711
224255403
224254963
224254131
224253529
224253141
224251720
224251223
224250674
224250415
224248006
224247835
224247010
224246154
224246064
224246032
224244480
224244167
224244095
224242742
224242488
224241740
224241233
224240570
224239861
224238405
224237443
224237090
224237087
224236992
224236839
224236169
224234971
224234431
224234252
224233585
224233036
224233029
224232082
224232010
224231088
224230939
224230376
224230265
224230039
224229960
224227967
224227585
224227354
224227224
224227176
224226222
224226203
224224191
224222403
224222244
224221667
224220940
224220448
224220371
224218654
224216131
224215784
224215318
224212852
224212819
224209913
224209624
224209134
224208942
224208440
224208191
224207130
224206909
224206530
224206440
224205990
224205971
224205388
224204783
224202654
224202639
224202335
224202262
224201486
224201164
224200580
224200114
224199669
224199070
224199049
224198510
224198478
224198291
224195906
224195153
224194923
224194855
224194700
224194455
224194285
224194097
224194055
224193892
224192085
224190660
224190262
224190013
224189531
224189418
224188324
224188271
224187074
224185469
224183843
224183289
224182527
224181757
224181623
224180534
224180234
224180090
224178958
224178705
224178188
224177216
224177010
224176626
224176375
224176258
224173466
224171102
224167804
224167050
224166869
224166376
224165483
224165341
224163694
224162174
224161837
224161820
224161263
224161228
224161078
224160833
224160690
224158315
224158069
224157450
224157159
224155774
224155625
224155497
224155153
224155145
224154908
224154824
224154247
224153606
224152794
224151068
224150491
224149979
224149938
224149496
224149465
224148648
224147988
224147814
224146638
224145883
224145788
224144910
224144887
224144819
224143969
224142819
224142041
224141828
224140763
224140636
224139093
224137864
224136862
224136819
224135285
224135193
224134822
224134739
224134679
224134576
224134222
224133901
224129177
224129139
224128924
224128648
224128621
224128184
224127901
224127640
224127607
224126545
224125752
224124741
224124418
224124239
224124218
224123520
224122849
224121994
224121955
224121860
224121645
224121345
224121033
224120847
224120159
224120113
224119670
224119475
224119378
224117917
224117277
224114383
224113932
224113297
224112394
224112380
224111613
224111592
224111093
224110144
224109670
224109514
224109365
224108896
224105992
224105646
224103220
224102143
224100897
224100203
224099060
224098594
224098271
224096308
224095633
224095095
224094594
224094478
224092785
224091570
224091332
224091084
224089960
224089670
224089070
224087210
224084154
224083088
224082904
224082900
224081421
224080637
224079902
224078086
224075003
224074322
224070877
224070740
224067227
224067224
224066453
224066106
224065952
224065334
224065259
224061360
224060370
224059947
224059587
224051104
224049551
224048649
224046826
224046782
224046542
224046174
224046012
224045386
224044238
224044021
224042648
224041873
223253876
223132858
222934314
221331442
221165244
220422232
220373472
219513565
219433867
219051707
217853665
216617802
215727058
213705917
213703252
212550745
212548335
212328497
212094844
211668236
211213772
210839455
210545587
210343062
209826476
209773435
209752977
208307973
208164061
207089330
206952096
206352193
205453167
205441416
204433070
202421856
202178160
202162038
202088263
201895713
201241082
201188662
200834770
199821557
199793799
199321466
198842858
198601449
197606166
197464610
197340594
195850429
195328120
194322602
193468871
192770050
192663155
191204234
190657012
190165468
190148580
189353575
189282547
188457211
188110180
187812935
187078662
186966310
186626130
186410329
185609502
185447664
183705929
183584864
182055312
181837232
181681357
181381562
181085184
179539062
179233746
175533277
175071001
173340736
170417416
170191271
167330390
166945108
165444920
164774937
163933537
163585162
158593189
156267527
156069395
155299121
153062242
152368509
152287727
141031579
140603025
140222479
138766226
138504064
136767143
136539914
136466385
134662372
133144778
131324702
130881003
129924634
129415293
129408728
127287591
126745103
126600841
124478261
124220572
122691516
121431397
121417086
120613521
118267966
117772569
116881246
115383468
115276251
113464021
111934621
111599221
111382865
110772423
110260697
110171281
109711565
109376094
109113824
109021989
107128878
106813994
106166839
105956200
105901951
103655988
103184912
101531312
100619040
100500781
99292401
98636539
98459346
98119113
97961797
97767879
95523042
94109420
94076261
90615078
89809646
89125162
87666971
86131968
83907884
82789855
79488475
78382936
74356685
74262832
73586027
72919730
70997449
65678692
63601825
61301244
60520330
58051904
57796625
56983582
54936834
53427408
52774322
50171926
49599171
43037571
42851954
39838886
39029575
38372509
36929096
36046734
33960578
33862285
30306010
28503611
27739810
26026060
24847257
24735137
24722663
24710937
23681155
22461038
21618112
20795663
16910377
16415057
12168517
12163293
9132874
7912274
6580878
6154682
4610316
4528020
3797719
3518255
1237733
1234733
1233336
1231334
1230427
1220086
1218135
1216625
1216415
1215479
1211067
1210801
1207515
1207164
1202995
1198980
1198578
1197121
1196448
1192561
1192429
1191808
1190710
1188279
1184997
1184901
1183109
1182274
1181972
1181820
1181739
1179465
1178108
1178065
1177570
1176926
1174578
1173597
1173550
1173189
1173076
1171407
1170442
1169310
1168682
1168275
1168075
1167936
1167819
1167494
1167237
1167213
1164697
1163993
1162931
1160479
1159663
1159446
1158715
1158600
1158421
1158274
1157656
1157433
1157207
1157156
1156029
1154384
1153444
1152274
1152229
1151779
1150854
1150337
1148898
1148335
1148328
1147563
1147426
1147224
1146283
1145105
1145098
1144827
1144322
1144264
1143658
1143079
1142609
1142281
1142261
1141573
1141080
1140955
1140909
1140868
1140463
1140083
1139538
1138681
1138447
1137528
1136981
1135397
1135066
1135020
1134601
1134186
1133797
1132557
1132530
1132279
1131743
1129399
1128612
1128266
1125924
1125583
1125102
1124534
1124472
1123037
1123013
1122224
1122032
1121597
1120930
1120737
1120061
1119252
1118651
1114251
1114246
1110710
1109172
1108414
1098470
1090884
1084200
1077839
1076948
1074770
1073916
1073572
1073565
1071709
1068262
1068116
1067736
1067443
1066858
1065056
1065006
1063100
1052193
1050095
1048569
1036459
1027117
1022001
1020683
1020157
1017023
1016739
1015967
1015866
1015061
1014845
1014570
1014549
1014212
1013887
1013739
1013665
1013502
1013443
