224355975
224355847
224355641
224355178
224354010
224353794
224353746
224353454
224353401
224353293
224352895
224352614
224352465
224350585
224349880
224348535
224346231
224346083
224344780
224343747
224340571
224339673
224338649
224337071
224334580
224334554
224334363
224334016
224333720
224333573
224333510
224333162
224332380
224332209
224332148
224331852
224331720
224331559
224331343
224331127
224330171
224330030
224329953
224329230
224328827
224328504
224328141
224327103
224326454
224325361
224324495
224324154
224321464
224321152
224320253
224319030
224317126
224316606
224314758
224314408
224313721
224313307
224312020
224311004
224308004
224307219
224306970
224306866
224306418
224304775
224304332
224304088
224302234
224302032
224301016
224300693
224299847
224298735
224297055
224296937
224295821
224291935
224291917
224291913
224290322
224287788
224285060
224284781
224283589
224282067
224281808
224281176
224281004
224276621
224275865
224275677
224275494
224275397
224275199
224273159
224273146
224268720
224266427
224266232
224265440
224265145
224264733
224263430
224262704
224262424
224262274
224261972
224261604
224261257
224260620
224259201
224259037
224257313
224255409
224254665
224254219
224254018
224252223
224250776
224244789
224244269
224244025
224243463
224243266
224242622
224240586
224239636
224238855
224237771
224237209
224237102
224236078
224235434
224235389
224235207
224234720
224232372
224230357
224230241
224229191
224226772
224223773
224221379
224218432
224218175
224217504
224217381
224216468
224216342
224215853
224213480
224212151
224211199
224211070
224210828
224209508
224209193
224208720
224208361
224206801
224205647
224204264
224203303
224201990
224201754
224200956
224200215
224200043
224198796
224197667
224197221
224194440
224191805
224191658
224191383
224189455
224188211
224188165
224188140
224188005
224186714
224186503
224184602
224180954
224178726
224178181
224178099
224177209
224176321
224176276
224176074
224176070
224175339
224174943
224173986
224173711
224173304
224172555
224172064
224171066
224170413
224169883
224167341
224166065
224164665
224164457
224163201
224163004
224162564
224162406
224162313
224161846
224161203
224160733
224160677
224160572
224160512
224159619
224159140
224158759
224157736
224156761
224155916
224155496
224155172
224154900
224154159
224153033
224152859
224152091
224151470
224150656
224150544
224148747
224147003
224146410
224146405
224144323
224142515
224142108
224140587
224139711
224137286
224136784
224136707
224136662
224135931
224135814
224133868
224129028
224128453
224128181
224126736
224125919
224125344
224124362
224122777
224122766
224122758
224121712
224121668
224120971
224120953
224120715
224117665
224117432
224116851
224115865
224115523
224113491
224113078
224111643
224111323
224108609
224108407
224108340
224108010
224107823
224106377
224106101
224105722
224103965
224103330
224101634
224101460
224100332
224098476
224098102
224097183
224097182
224097135
224096670
224095689
224094803
224093449
224091939
224091796
224090498
224090491
224090165
224089671
224089656
224088636
224088296
224087028
224086853
224086124
224086020
224085148
224084837
224084291
224084007
224083887
224082417
224082195
224081932
224081372
224080815
224079212
224079204
224079031
224078225
224077386
224076423
224075173
224075060
224075026
224074928
224074912
224074791
224073784
224072931
224072881
224072272
224071716
224071466
224070654
224070418
224068795
224068459
224067974
224066889
224066582
224066558
224066340
224065893
224065651
224065647
224065214
224065073
224064905
224064532
224064446
224064371
224064287
224064091
224064037
224063823
224063005
224062599
224062324
224061318
224060462
224060042
224059201
224059143
224059075
224058516
224058444
224057952
224057607
224057144
224057033
224056977
224056894
224056801
224056630
224056041
224055582
224054954
224053949
224053743
224053676
224053675
224053184
224052854
224052806
224052374
224052123
224051879
224051802
224051800
224051656
224051555
224051493
224051338
224051234
224050517
224050323
224050246
224050172
224050092
224049375
224049122
224048524
224048401
224048339
224048071
224047618
224047427
224047362
224046934
224046765
224046575
224046062
224045981
224045681
224045680
224045653
224045283
224045279
224045107
224045071
224044992
224044859
224044669
224044602
224044542
224044458
224044294
224044132
224044131
224044083
224044034
224043925
224043856
224043852
224043720
224043353
224043311
224043233
224043083
224042961
224042960
224042935
224042896
224042870
224042860
224042822
224042786
224042749
224042625
224042618
224042190
224042185
224041969
224041913
224041883
224041816
224041770
224041646
224041585
224041552
224041428
224041317
224041284
224041256
224041179
224041141
224041114
224040903
224040898
224040845
224040805
224040750
224040679
224040647
224040646
224040486
224040387
224040333
223684045
223673184
223480903
223435718
220707411
220154723
216979222
216659881
216036539
213636879
213401661
213304242
212238913
209251128
207868051
207846352
206863557
205244523
204311139
204186634
201164943
201124652
200490398
199853460
198089370
197723789
197459887
196698642
195583830
194966633
193580244
192126548
191515959
191510606
190985243
190913342
186087866
186018969
181627750
181559245
181282106
181119475
180525736
178708814
177870263
177590654
177128262
176245389
173216215
172983102
171728191
170829426
166280213
165407045
165058920
163156174
162971714
161953771
161502223
161270360
160734619
160536840
159504836
158752766
158549953
158403162
157945713
157501540
155636565
154636015
154146166
152055105
150392673
149862909
148627025
147116215
146437823
145496030
143615405
139021092
138852607
138021937
135816761
135272068
135042349
133193762
132840561
132604848
132097549
131410099
129589884
129264842
128992836
127550977
125617061
125381057
124919541
124399904
124144699
123228620
122476193
121958174
121949457
121792017
121512400
121482232
121070811
120955577
119210393
118735506
117554256
116746525
116083762
115749125
115683701
115341653
114031522
113605430
113276255
112919068
112854798
111464475
111177796
110829619
109886332
109834085
109688909
108639983
108103682
106933949
106573470
106489777
106053398
105003304
104895418
104891400
103963057
103154878
102875080
102563645
101986907
99204028
98587238
98295364
97134798
96744045
96205091
95153334
95020139
95001105
94843661
94120791
93931270
93613741
93584212
93068975
93062691
91651301
89468793
89099469
88961809
88869693
87904045
87803835
87689589
87458638
87457179
87397401
87151302
86749394
86736543
86568938
84692833
84166131
83667630
83016665
82990992
82719963
81781034
81583076
79678256
78935089
78689482
78636453
78134582
77848166
76561010
76313677
75503102
75135413
75066797
74195937
73736939
71998015
71903484
71490202
70458887
70109983
69711716
67267723
66461852
65184390
64982781
64411009
64132621
63329606
62241941
62190359
60532547
60279135
59746703
59130699
58908542
58295132
57650716
55392382
52765297
52517692
52113092
50887657
50496958
50082777
49011288
48883676
48596490
48378230
48358963
47795828
47143744
46982467
46878908
46004878
44925138
44222084
43700861
43552504
43170270
43149151
42687827
42291973
42222911
41091941
39694027
39455118
38830943
38775248
38073990
37343964
37271588
36822295
36460301
36294271
35896719
35171835
34843932
33905656
33618741
32993211
32887104
32247207
32015048
31729971
31631039
30584734
29711017
28879083
28261768
27563036
26824802
25501573
25123490
24921455
23471868
22649965
22530276
22101493
21952173
21719135
21302427
21180716
21161980
20812929
20717003
19969695
19925966
19907110
19622179
19565436
19380697
18967110
18508231
18496474
17644326
17189559
16761017
16213583
16014168
15422320
14761716
14741898
14674146
14335548
13771014
13580902
13411756
12181627
11234422
10992357
10124412
9308784
8750090
8481696
7852146
7507244
7258254
4883882
4676345
4331267
4309453
3270505
2393924
2282082
2027878
1803098
1796449
1534644
1238599
1237766
1232995
1232602
1231487
1231448
1231212
1229994
1229922
1229210
1228886
1228804
1228455
1228001
1227217
1227043
1226486
1225476
1225467
1223492
1223440
1223371
1223309
1223260
1221173
1221104
1221069
1220906
1219655
1219253
1219089
1218997
1218784
1218323
1217507
1217012
1216114
1215559
1215285
1214775
1214397
1210749
1209576
1209235
1208718
1208575
1208373
1208129
1207896
1207816
1207786
1206733
1204568
1204386
1204125
1204045
1202818
1201813
1200930
1200698
1200526
1199532
1199449
1199209
1199151
1198774
1198468
1198449
1198245
1197641
1197553
1197513
1197189
1197188
1197077
1196957
1196943
1196402
1196221
1194855
1194324
1194168
1193708
1193061
1191067
1190638
1189622
1188251
1181284
1179501
1178791
1176768
1176582
1176468
1175728
1175618
1174523
1173162
1169747
1169144
1168384
1168037
1166929
1166134
1164184
1163880
1163727
1163722
1160738
1160708
1157177
1153301
1152466
1150526
1149526
1149066
1148945
1148283
1147874
1145913
1145858
1145060
1144679
1143919
1143631
1143514
1140990
1140901
1137449
1136809
1135146
1134437
1133863
1131056
1130559
1129706
1127376
1126768
1126443
1125476
1123128
1122006
1119072
1118481
1115321
1114320
1114073
1112590
1111733
1109591
1109141
1108748
1108289
1106708
1106366
1105655
1105280
1104737
1103748
1099571
1097840
1097710
1096558
1095318
1094948
1093853
1093283
1088276
1088254
1087500
1087002
1086678
1085593
1081640
1079713
1079397
1078449
1078071
1077699
1076784
1076311
1076170
1075982
1075913
1074741
1073923
1072899
1072215
1069849
1069318
1069269
1069118
1068180
1067670
1067311
1066675
1066407
1065593
1064583
1063802
1063183
1062835
1062167
1061366
1060094
1059072
1058183
1057964
1057706
1057035
1056814
1056718
1056561
1055955
1055077
1052478
1050753
1050382
1049637
1049383
1048855
1046799
1046687
1046659
1046392
1046324
1045173
1045129
1045101
1044280
1042994
1042831
1042013
1041973
1041590
1041254
1040767
1040178
1040136
1039671
1039484
1038422
1037879
1037026
1036371
1034790
1034783
1034070
1033744
1032191
1032076
1031585
1031259
1030283
1029968
1028275
1026638
1026082
1025356
1024418
1024310
1024059
1023941
1023808
1023798
1023529
1023401
1022014
1021985
1021871
1021311
1021269
1020968
1020763
1020686
1020341
1019670
1017002
1016539
1015429
1014135
1013526
1013486
1013291
1012377
1012249
1011141
1011004
1010461
1009737
1009230
1009071
1008814
1007151
1006952
1004207
1003895
1003783
1003595
1002751
1002430
1002408
1001047
999458
998860
998644
998587
998035
997052
996165
995501
994732
994627
993362
993157
991702
990849
990608
990578
990428
989693
989673
986040
985338
985207
985022
983953
983648
982953
981681
977945
977171
975589
973601
972222
972076
971589
971289
970913
970617
968279
968063
968012
967196
964862
964750
964644
964532
964214
963436
963153
961533
960448
960345
959640
956194
955584
953203
952992
950899
945487
945121
942714
942211
941757
941419
941003
940648
940530
939684
939602
937807
937651
937083
936175
935259
932905
932892
932877
930978
930385
929936
928670
928618
926491
926183
925317
925176
924321
923903
922923
921955
919807
917527
916500
915414
915304
914858
913656
913588
911597
911596
911367
910620
910085
909730
909261
907112
905826
905679
905466
904680
904000
903557
903353
903215
902872
902605
902198
902078
900201
900124
898985
898645
898473
898470
898274
898134
897912
897517
895831
895762
895577
892561
892475
892158
892147
891778
891688
891485
891280
890359
888399
887389
885716
883841
883292
883177
881770
881216
880543
879862
879266
877916
877242
876857
876384
876213
876156
875385
874702
871259
866184
865638
865129
860859
860590
860109
858805
858653
857009
856615
856581
856537
856380
855754
855700
855674
852993
852710
852285
850622
849912
848248
847773
847181
844514
840820
840430
838713
837834
837451
836631
835614
835127
833769
833036
832800
830479
829392
829135
828670
827895
826327
826304
824210
823964
823879
823141
822163
820717
819406
818693
817881
817284
815407
815387
812112
811170
809773
807094
806960
806909
806711
805249
804358
804347
800238
799748
799696
796961
796282
795079
794868
794365
794200
793912
793892
793890
792944
792724
791519
791499
791167
788929
786477
785787
776939
776563
771153
769493
769118
768877
768781
768766
768455
767183
767094
766039
765111
763433
763358
763172
762129
760614
760354
760259
760212
759696
759492
756485
755957
754668
754385
752095
750933
747846
747219
746169
745826
745634
745215
744905
744541
743682
743083
742946
741420
741337
741286
739825
739780
739147
738832
738106
737762
737729
737686
735472
735388
732228
731597
731460
729730
728483
727948
727626
726210
726191
726050
725808
725746
725263
724916
724541
724506
724473
724145
723290
722872
722264
721433
720014
719335
718893
718433
716432
715886
715316
714655
714031
713730
713409
712134
711703
710838
710725
710358
710076
708963
706302
705499
704814
704567
702614
702490
701586
701419
700633
699236
699045
698444
696936
695949
695811
695265
694965
694434
693658
693558
692141
691294
688789
688478
686780
681869
681799
681281
680548
679041
677930
676814
676333
675805
675772
673784
670946
670620
670467
668321
663585
662147
662051
661463
661340
661191
660142
659871
659290
659028
655407
654513
653336
649475
649461
647872
646821
646738
646573
646571
645778
645410
645347
645281
644532
644439
643747
642977
642128
641410
640148
640061
639135
639107
636994
636710
635472
635012
633132
631119
630652
630202
630039
629082
628947
628944
628332
626972
624618
622265
620598
620426
617931
615560
614071
614014
613604
612182
611787
611569
611399
611071
611059
610962
610792
610502
609073
607161
606783
603845
603479
601366
600677
599633
598911
598642
598043
597414
595730
594841
593137
592145
591935
591155
590358
590303
589888
589714
589708
588959
587089
586384
586259
585755
585636
584511
584282
583751
582473
582442
582218
581282
581231
580580
578503
576212
573565
572965
572539
572039
571508
571349
570976
570945
570772
569647
569293
569028
568527
567580
567214
566912
566729
566455
566401
566059
564454
564178
564077
563959
563951
563679
563228
562547
562474
561081
560885
558895
558108
557838
557323
556639
556384
555081
554988
554892
554483
554093
551605
549847
549252
547488
545531
545438
545233
544616
544372
544010
543871
542946
542054
541601
541135
541096
541049
540815
539852
539222
539042
538622
536865
535616
535250
535194
534504
534084
533065
532990
532946
532121
531940
530526
529530
527869
527451
524604
524491
524112
523777
523506
523167
522853
522789
519423
519064
518316
517631
517388
516152
516009
515893
514874
514595
514169
513826
512838
511308
511029
510180
509601
507625
507316
507283
506302
506100
503805
503763
503682
502169
502034
501383
501195
500709
500484
498656
496937
496710
496417
496318
495528
493562
492938
492561
492401
492236
491993
491459
491339
490863
490847
490827
489517
489452
489168
488985
488652
487404
487350
487250
487238
486719
486498
486386
485784
484827
484726
484399
484078
483263
481709
480515
480107
480084
479627
479564
479128
478934
478926
478911
478247
478196
478039
478003
477325
476672
476269
476254
476227
475168
474620
474265
474107
473792
473721
473620
473516
473191
472451
472011
471480
471474
470946
470603
470431
470423
470273
469931
469564
469273
469262
468465
468079
467692
467210
467200
467018
466980
466604
466269
465992
465942
465877
465739
465400
465391
464858
463830
463485
460190
460144
460086
458968
458923
458782
458282
458168
458164
458137
458088
458016
456697
456556
456479
456304
456116
455624
455505
455497
455488
455265
455248
455146
455029
455017
454925
454627
454519
454413
454165
453979
453661
453604
453586
453559
453509
453301
453122
452888
452834
452392
452106
451260
451029
450611
449424
449401
449379
448155
447964
447097
447005
446280
446162
444004
443703
441367
439881
439406
438557
436675
436244
435820
435772
435073
435027
434667
433980
432975
432124
431626
431241
430713
430219
428578
427177
427046
426432
426125
425598
424158
424122
423353
423213
422767
419957
419835
419392
418820
418674
418673
418656
418494
418491
417991
417901
417656
417101
416047
414914
414290
414256
413838
413504
413425
413369
412061
411966
410797
410657
410437
409565
409259
409194
409033
408389
407306
407199
406605
405136
402826
402753
402634
399829
399007
398972
398860
396495
396448
396018
395392
395194
395003
394594
394444
393933
393451
393077
392866
391913
390542
390395
390286
390126
389279
388906
388432
388021
387204
386937
385808
385752
385591
384314
384296
384098
383023
381968
381796
378883
377931
377454
376823
376632
375723
374937
374081
372835
372367
372011
371870
371068
370919
370736
370522
369640
369529
369464
368615
367510
365444
363819
363703
362486
361642
361623
361602
361101
360500
360477
358961
357698
357519
354565
351677
351393
350694
350399
349216
349097
348902
347864
347139
346889
345541
344416
343159
342892
342563
342027
339075
338659
337887
336538
334600
334527
333726
333675
333111
331594
327692
327183
326526
326340
326068
324197
323621
321979
319925
319820
319752
317998
315542
314759
314715
312651
311567
311280
308766
307430
306834
306631
305547
305192
301361
301243
300987
300605
300380
300255
299296
299295
299226
299116
298418
296962
296959
296665
296182
295738
295452
294744
294584
294429
293703
293133
293097
292504
291650
291622
291523
291323
291162
290519
290410
289959
289892
289812
289811
289601
288365
288317
288030
287773
287717
287612
287314
286407
286385
286287
284998
283643
282122
281243
281021
280670
280169
279815
278712
278621
278540
278394
278321
276854
276786
276585
276130
274144
273024
272819
272599
272496
271356
269573
268540
268416
267381
266811
266747
266564
266398
265720
264699
264241
264193
263027
262190
261741
261270
259945
259847
259491
258723
258130
258018
257867
257353
257144
256198
256066
255872
255828
255787
255747
255736
255661
255481
255022
255014
254933
253548
253435
248663
248631
248372
247937
247897
246193
245399
245339
244677
244261
241318
241042
238892
237693
237506
237494
237418
236766
236622
236501
236336
236322
235363
235359
235221
235079
234023
233706
233550
233084
232633
231967
231315
228847
228017
227929
227727
226909
226730
225176
223312
222840
222783
222391
222382
222265
222203
220945
218905
218278
218277
218187
217490
216511
216506
216464
215809
215408
215333
215280
215141
215135
215113
214973
214966
214271
214155
213748
213741
213603
212466
211725
210709
210639
209897
209425
209281
209216
208979
208708
207931
207800
207396
207176
206821
204988
204359
204064
203496
203325
202632
202597
202032
201819
201168
200223
199605
198483
198149
198135
197938
197780
197578
196038
195495
194538
192898
192137
190622
190487
190251
190061
189761
189302
189214
189070
188648
188394
187781
187591
187515
186975
185841
185740
185502
184835
184833
184750
184701
184208
183905
183730
183376
182600
181865
181398
181354
181268
180921
180724
180470
180341
180220
180125
180074
180069
180068
179543
179043
178863
178625
178600
178445
178166
177614
177162
176823
176565
176392
176143
175943
174594
173902
173740
173627
173596
173537
173261
172736
172325
172237
172197
171754
171058
170882
170506
170250
170114
170095
169166
168886
168579
168008
167952
167501
167474
167364
167120
166416
166374
165945
165870
165855
165786
165202
165033
164969
164702
164542
164104
164041
163940
163785
162592
162199
162143
162060
162059
162008
161956
161952
161655
160933
160652
160521
160488
160478
160452
160126
159317
159175
158887
158813
158650
158353
156977
156697
156608
156119
155765
155610
155358
155323
154551
154175
153967
153770
153629
153392
153382
153280
152202
152129
152122
151950
151559
151428
151287
151059
151024
150342
150102
149947
149778
149596
149595
149133
148778
148648
148313
148283
147819
147800
147780
147414
147381
147206
147071
146938
146916
146811
146781
146579
146188
145766
145522
145282
145202
145170
145124
145061
144972
144356
144109
143781
143416
143060
142878
142824
142373
141940
141734
141682
141171
141097
141087
140981
140781
140612
140548
140175
139714
138154
138105
138103
137945
137560
136983
136925
136600
136455
136416
136261
136103
135818
135816
135734
135505
135310
135018
134965
134759
134534
134359
133951
133828
133708
133681
133675
132729
132498
132320
132236
132224
132183
132007
131873
131743
131608
131238
131119
130792
130707
130702
130346
130228
130218
130106
129889
129816
129804
129711
129614
129567
129200
129069
128851
128799
128706
128623
128465
128366
128231
128196
127974
127767
127763
127718
127391
127040
126892
126809
126784
126369
126273
126126
126054
125974
125803
125720
125579
125475
125257
125218
125114
124844
124786
124446
124004
123949
123686
123553
123452
123438
123156
123106
123040
122949
122687
122532
122514
122308
122071
121877
121397
121015
120923
120568
120344
120326
120308
119657
119586
119420
119348
119323
119294
119291
119267
119266
119239
119035
118949
118862
118833
118663
118530
118501
118494
118148
118138
117668
117474
117389
117379
117232
116633
116526
116259
116200
116161
115895
115862
115774
115574
115424
115413
115392
115335
115260
115059
115032
114530
114478
114390
114346
114311
114275
113968
113923
113483
113374
112884
112468
112398
112274
112264
112247
112132
111957
111677
111647
111535
111395
111336
111207
111062
110718
110547
110420
110327
110305
110287
110265
110260
110189
110162
110140
110122
108968
108846
108695
108583
108325
108301
108246
108217
108202
107671
107478
107467
107417
107358
107297
106873
106725
106666
106650
106487
106366
106291
106266
106258
106201
106080
105956
105903
105882
105825
105723
105697
105659
105564
105394
105377
105356
105326
105154
104900
104872
104868
104861
104808
104708
104700
104677
104661
104479
104264
104234
104230
104193
104172
104144
104011
104003
103996
103917
103886
103800
103776
103638
103569
103473
103344
103261
103228
103220
103072
103035
103002
102851
102805
102801
102775
102723
102704
102646
102543
102514
102476
102363
102283
102170
102148
102128
102101
102088
102058
101812
101768
101637
101617
101531
101519
101424
101345
101249
101178
101159
101132
100920
100850
100809
100784
100680
100651
100644
100632
100614
100577
100572
100536
100505
100465
100236
100227
100225
100203
100039
100025
100024
100020
100000
99939
99913
99856
99850
99820
99778
99750
99686
99608
99533
99514
99440
99434
99418
99025
98999
98957
98905
98800
98562
98457
98279
98263
98169
98121
98100
98027
98022
97953
97952
97944
97864
97862
97808
97727
97702
97643
97603
97494
97475
97469
97454
97448
97421
97396
97383
97244
97194
97116
97070
97051
96966
96936
96931
96760
96679
96610
96596
96567
96563
96468
96272
96125
96107
96090
95927
95852
95850
95823
95821
95719
95679
95666
95659
95597
95371
95297
95291
95274
95154
94969
94850
94842
94605
94569
94450
94261
93972
93905
93772
93766
93699
93690
93682
93374
93372
93363
93244
93224
93217
93172
93018
92860
92743
92677
92668
92545
92515
92474
92423
92379
92348
92326
92308
92258
92242
92142
92097
92087
92042
91841
91829
91784
91773
91743
91696
91638
91590
91577
91561
91547
91507
91497
91471
91412
91411
91367
91320
91249
91241
91215
91192
91119
91025
90951
90935
90900
90811
90771
90679
90588
90517
90450
90424
90398
90341
90331
90218
90172
90158
90156
90126
89967
89906
89861
89854
89852
89842
89822
89750
89718
89590
89589
89584
89549
89488
89445
89356
89308
89292
89247
89143
89098
89030
89024
89011
88997
88994
88989
88988
88986
88866
88863
88806
88801
88742
88715
88689
88537
88512
88490
88443
88411
88378
88343
88327
88253
88231
88154
88146
88033
88028
88026
87976
87958
87940
87920
87809
87757
87728
87720
87707
87705
87542
87518
87517
87438
87400
87366
87290
87216
87172
87005
86989
86966
86887
86873
86783
86439
86335
86327
86284
86264
86260
86237
86218
86198
86102
86086
86046
85932
85806
85800
85771
85761
85744
85743
85725
85717
85711
85710
85699
85677
85647
85494
85493
85465
85452
85431
85355
85292
85280
85219
85203
85172
85161
85112
85103
85094
85079
84972
84969
84937
84878
84842
84816
84805
84797
84790
84764
84761
84738
84674
84637
84589
84526
84495
84449
84374
84325
84321
84307
84299
84226
84225
84126
84090
84080
84009
83963
83862
83859
83854
83841
83812
83810
83806
83788
83716
83685
83663
83551
83530
83528
83478
83465
83441
83438
83214
83198
83179
83172
83115
83094
83049
82904
82793
82778
82773
82744
82575
82567
82526
82525
82458
82364
82359
82351
82291
82260
82240
82225
82146
82138
82104
82101
82100
82000
81947
81936
81855
81522
81427
81421
81407
81090
81081
81027
80993
80893
80864
80695
80639
80486
80405
80222
80183
80074
80027
79990
79972
79910
79903
79900
79896
79887
79844
79826
79813
79628
79493
79461
79358
79357
79284
79280
79277
79267
79220
79217
79211
79187
79116
79098
79080
79062
79060
79044
78727
78696
78611
78528
78519
78475
78451
78411
78399
78389
78388
78378
78340
78307
78286
78237
78219
78213
78166
78045
78016
77990
77950
77934
77920
77914
77827
77802
77733
77691
77632
77596
77551
77548
77531
77530
77484
77459
77451
77382
77354
77339
77312
77294
77259
77250
77220
77210
77179
77156
77150
77139
77132
77092
77054
77005
76936
76919
76910
76880
76846
76834
76730
76671
76628
76576
76548
76542
76538
76497
76409
76408
76393
76355
76350
76251
76215
76134
76114
76107
76095
76040
76035
76033
76009
76000
75846
75780
75740
75716
75666
75650
75618
75559
75547
75509
75494
75465
75399
75276
75117
75108
75107
75075
75066
75016
74986
74948
74939
74938
74920
74891
74883
74786
74776
74682
74634
74586
74566
74470
74461
74456
74431
74391
74390
74383
74377
74334
74226
74192
74103
74029
73970
73903
73892
73888
73887
73786
73758
73732
73614
73595
73436
73329
73323
73150
73110
73104
72980
72969
72953
72938
72848
72827
72823
72820
72803
72802
72773
72757
72701
72647
72608
72527
72522
72453
72403
72397
72320
72303
72299
72284
72280
72269
72250
72150
72126
72017
71802
71747
71690
71689
71663
71604
71486
71444
71336
71222
71142
71129
71123
71118
71104
71080
71068
71061
71049
71038
71006
71000
70972
70894
70789
70676
70611
70592
70574
70414
70374
70342
70301
70245
70175
70140
70126
70123
70120
70040
69964
69899
69790
69739
69727
69692
69690
69672
69671
69415
69404
69304
69175
69161
69140
69135
68855
68811
68768
68725
68696
68651
68645
68599
68576
68563
68470
68459
68455
68444
68405
68328
68327
68197
68162
68156
68145
68123
68079
68061
68048
68008
67934
67933
67926
67919
67917
67911
67905
67851
67831
67824
67804
67759
67757
67743
67736
67725
67695
67650
67592
67585
67577
67576
67569
67560
67555
67506
67494
67377
67209
67154
67024
67006
66953
66915
66895
66871
66849
66825
66782
66775
66727
66703
66683
66656
66644
66632
66630
66576
66553
66542
66536
66505
66500
66495
66491
66485
66474
66473
66460
66367
66340
66286
66278
66265
66242
66227
66204
66173
66168
66167
66158
66148
66142
66140
66135
66074
66030
66014
66000
65991
65985
65971
65966
65878
65842
65835
65765
65757
65708
65686
65667
65662
65654
65618
65606
65590
65579
65560
65559
65553
65550
65492
65467
65427
65389
65384
65357
65350
65316
65255
65251
65247
65237
65236
65104
65077
65052
65050
65025
65012
65007
64986
64963
64950
64937
64935
64933
64928
64912
64888
64818
64817
64811
64797
64793
64788
64779
64768
64751
64750
64745
64715
64708
64703
64644
64612
64607
64589
64566
64519
64406
64398
64339
64331
64325
64283
64276
64156
64153
64134
64129
64126
64121
64114
64109
64039
64035
64026
63978
63948
63928
63865
63861
63856
63839
63838
63830
63754
63714
63708
63688
63678
63655
63643
63585
63580
63565
63548
63542
63520
63515
63507
63466
63451
63427
63407
63404
63400
63397
63306
63271
63266
63241
63190
63120
63085
63062
63010
63007
63001
62999
62998
62912
62905
62902
62894
62880
62879
62858
62828
62762
62643
62637
62636
62635
62632
62630
62475
62396
62386
62343
62252
62228
62101
62080
62046
62036
62024
61977
61952
61949
61917
61898
61882
61879
61875
61871
61869
61862
61801
61750
61740
61711
61688
61620
61606
61557
61536
61514
61389
61363
61353
61319
61173
61166
61120
61082
60991
60965
60925
60909
60867
60846
60844
60843
60842
60839
60838
60834
60741
60726
60722
60669
60661
60636
60631
60582
60522
60518
60505
60454
60433
60432
60400
60370
60369
60356
60348
60339
60313
60312
60274
60244
60240
60212
60205
60177
60034
60013
59996
59965
59944
59924
59921
59905
59891
59890
59887
59879
59877
59876
59869
59867
59855
59849
59843
59842
59803
59767
59735
59725
59720
59654
59646
59632
59584
59565
59532
59497
59486
59471
59465
59455
59448
59444
59422
59341
59277
59248
59233
59232
59219
59193
59188
59161
59152
59121
59091
59085
59084
59068
59053
58993
58981
58966
58943
58938
58913
58896
58886
58866
58860
58849
58840
58823
58732
58717
58706
58654
58637
58574
58570
58557
58536
58520
58506
58498
58442
58438
58411
58403
58401
58357
58321
58314
58305
58302
58298
58292
58270
58227
58221
58201
58193
58140
58118
58110
58106
58092
58046
57951
57948
57946
57935
57934
57921
57912
57885
57841
57832
57793
57789
57762
57725
57719
57682
57677
57670
57623
57589
57583
57565
57558
57545
57520
57516
57499
57464
57456
57412
57348
57335
57332
57321
57306
57304
57234
57230
57214
57121
57105
57102
57074
57061
57053
57016
57001
56994
56963
56933
56856
56848
56845
56823
56814
56812
56795
56743
56702
56695
56687
56681
56676
56655
56648
56609
56597
56567
56556
56514
56504
56425
56377
56277
56269
56229
56221
56220
56184
56173
56143
56111
56086
56033
56011
55985
55982
55964
55961
55927
55907
55906
55831
55822
55760
55731
55721
55720
55707
55620
55611
55610
55599
55580
55573
55566
55553
55540
55486
55429
55426
55370
55282
55184
55175
55145
55141
55137
55125
55108
55086
55085
55071
55005
54981
54964
54944
54839
54834
54832
54829
54794
54685
54678
54670
54625
54604
54598
54597
54593
54581
54514
54509
54485
54472
54454
54439
54434
54407
54391
54371
54363
54351
54322
54317
54297
54243
54217
54157
54107
54103
54096
54088
54083
54074
54056
54053
54052
54014
53982
53960
53915
53906
53865
53858
53852
53835
53819
53806
53778
53757
53756
53683
53627
53509
53473
53456
53435
53425
53421
53412
53380
53375
53369
53357
53258
53239
53234
53215
53203
53177
53099
53096
53086
53078
53053
53036
52993
52961
52921
52874
52802
52800
52791
52781
52777
52772
52763
52652
52637
52625
52615
52578
52543
52515
52507
52506
52503
52499
52453
52402
52385
52359
52314
52291
52270
52215
52174
52151
52125
52036
51975
51972
51956
51953
51937
51892
51872
51853
51793
51775
51728
51577
51530
51496
51493
51408
51401
51394
51361
51349
51138
51022
50991
50966
50963
50951
50950
50940
50924
50913
50846
50837
50830
50801
50796
50717
50687
50671
50641
50632
50609
50604
50594
50483
50481
50467
50463
50462
50427
50423
50346
50318
50288
50281
50193
50176
50161
50151
50149
50139
50109
50090
50083
50063
49972
49938
49934
49931
49916
49891
49824
49807
49801
49768
49733
49684
49677
49672
49643
49582
49570
49546
49528
49523
49521
49520
49517
49515
49476
49471
49470
49426
49366
49331
49270
49207
49204
49199
49151
49146
49117
49115
49109
49087
49068
49063
48987
48944
48939
48894
48824
48795
48700
48666
48579
48574
48562
48554
48548
48543
48534
48531
48510
48466
48463
48449
48407
48392
48348
48319
48299
48261
48255
48240
48238
48177
48176
48165
48161
48135
48076
48074
48065
48041
48015
47990
47986
47980
47957
47951
47891
47885
47879
47868
47860
47836
47820
47807
47767
47762
47716
47713
47610
47609
47571
47467
47391
47385
47341
47338
47331
47307
47284
47277
47255
47246
47244
47233
47228
47189
47162
47156
47145
47101
47074
47071
47053
47029
46937
46925
46915
46831
46584
46583
46543
46534
46523
46349
46327
46294
46283
46215
46170
46105
45990
45985
45981
45976
45957
45946
45942
45941
45936
45922
45824
45796
45785
45733
45693
45679
45678
45675
45650
45648
45645
45644
45642
45584
45454
45423
45366
45313
45291
45288
45262
45254
45251
45238
45236
45204
45054
45053
45045
45040
45032
45020
45018
45013
44978
44949
44940
44930
44908
44903
44893
44892
44838
44821
44802
44784
44779
44765
44744
44665
44661
44646
44615
44603
44541
44538
44516
44467
44428
44406
44385
44382
44365
44364
44356
44341
44311
44269
44260
44199
44196
44191
44166
44081
44074
44071
44070
43895
43794
43770
43751
43745
43740
43728
43683
43591
43590
43567
43524
43519
43517
43506
43501
43496
43493
43472
43438
43437
43421
43418
43417
43414
43405
43401
43400
43399
43381
43379
43365
43355
43332
43298
43283
43270
43242
43241
43212
43205
43197
43157
43137
43136
43134
43116
43115
43107
43065
43047
43020
42968
42966
42941
42918
42908
42874
42805
42804
42799
42792
42788
42783
42781
42780
42776
42764
42759
42744
42710
42690
42679
42648
42642
42588
42560
42558
42534
42533
42523
42509
42481
42478
42466
42465
42447
42445
42442
42441
42438
42437
42436
42431
42428
42425
42424
42421
42388
42375
42304
42299
42276
42266
42240
42211
42169
42154
42139
42135
42125
42065
42054
42035
42033
42028
42013
42007
41984
41936
41926
41906
41866
41840
41837
41834
41833
41808
41756
41701
41700
41683
41673
41663
41625
41622
41620
41611
41606
41598
41590
41580
41555
41531
41507
41418
41417
41381
41333
41327
41324
41319
41316
41314
41305
41279
41267
41266
41205
41184
41165
41159
41158
41156
41142
41110
41092
41090
41071
41068
41063
41062
41057
41056
41054
41053
41048
41047
41032
41031
41024
41020
41019
41006
41005
41004
41000
40998
40995
40975
40930
40912
40897
40896
40880
40834
40827
40807
40802
40801
40733
40732
40730
40727
40725
40686
40677
40606
40585
40573
40542
40541
40540
40478
40471
40465
40459
40458
40448
40417
40371
40140
40081
40079
40054
40008
39998
39973
39886
39882
39870
39868
39860
39853
39852
39829
39813
39798
39772
39762
39739
39720
39675
39654
39632
39623
39602
39512
39487
39477
39462
39444
39381
39362
39323
39303
39296
39292
39275
39270
39260
39252
39230
39221
39169
39159
39129
39087
39084
39034
39027
38945
38930
38913
38897
38885
38851
38850
38821
38804
38794
38752
38737
38729
38725
38696
38671
38629
38624
38608
38587
38546
38519
38511
38509
38504
38502
38415
38412
38378
38375
38359
38357
38349
38343
38336
38326
38319
38212
38181
38178
38170
38169
38162
38161
38160
38157
38147
38140
38125
38123
38091
38071
38069
38063
37988
37973
37965
37964
37962
37871
37847
37833
37784
37773
37754
37744
37719
37704
37660
37640
37624
37599
37517
37490
37480
37476
37446
37436
37391
37379
37325
37285
37283
37226
37216
37200
37188
37173
37169
37133
37120
37093
37016
37006
36973
36966
36919
36904
36895
36766
36723
36693
36673
36595
36583
36575
36563
36544
36494
36480
36478
36476
36463
36462
36452
36442
36409
36403
36402
36348
36343
36261
36248
36234
36218
36217
36178
36135
36033
35932
35868
35847
35840
35800
35775
35774
35721
35660
35657
35653
35643
35571
35554
35540
35496
35487
35435
35427
35350
35342
35334
35315
35300
35291
35244
35209
35192
35191
35190
35184
35130
35119
35117
35110
35099
35069
35059
35048
35047
35023
35011
35001
34984
34799
34765
34728
34665
34642
34579
34499
34493
34482
34457
34435
34420
34313
34296
34250
34246
34149
34135
34126
34112
34104
34101
34091
34049
34038
34023
33946
33936
33914
33882
33878
33835
33762
33728
33639
33618
33599
33588
33587
33577
33573
33517
33496
33485
33469
33466
33461
33409
33398
33386
33376
33374
33372
33353
33350
33325
33223
33215
33204
33162
33148
33133
33129
33119
33113
33094
33069
32942
32900
32859
32818
32816
32753
32714
32707
32706
32684
32655
32610
32581
32564
32480
32424
32381
32374
32367
32331
32321
32316
32291
32141
32137
32123
32117
32080
32064
32048
32041
32038
32021
32007
31980
31969
31963
31941
31910
31886
31867
31866
31857
31844
31843
31808
31779
31755
31744
31734
31716
31678
31665
31621
31603
31596
31561
31555
31548
31513
31511
31506
31457
31446
31439
31430
31400
31398
31393
31388
31273
31268
31257
31232
31219
31200
31194
31167
31134
31120
31113
31081
31058
31055
31048
31045
31037
31027
31026
31010
31002
30854
30850
30832
30824
30820
30798
30791
30779
30776
30770
30757
30750
30747
30738
30725
30706
30702
30667
30627
30618
30595
30587
30552
30503
30495
30488
30482
30473
30453
30416
30400
30395
30371
30356
30252
30223
30211
30206
30205
30195
30193
30179
30178
30081
30077
29989
29940
29924
29917
29897
29854
29830
29822
29808
29796
29795
29784
29756
29741
29733
29731
29712
29704
29691
29689
29584
29551
29543
29537
29535
29533
29530
29514
29511
29505
29503
29477
29469
29467
29430
29420
29405
29376
29372
29349
29339
29327
29321
29273
29260
29195
29189
29175
29165
29153
29108
29101
29091
29090
29089
29059
29044
29037
29023
29015
29002
28996
28946
28936
28928
28897
28894
28877
28875
28811
28736
28723
28721
28703
28694
28676
28664
28654
28648
28636
28622
28596
28586
28585
28564
28519
28504
28490
28479
28460
28430
28408
28365
28363
28349
28329
28325
28316
28299
28298
28267
28256
28249
28248
28242
28228
28222
28219
28214
28210
28173
28171
28158
28143
28142
28120
28109
28061
28045
28043
28025
28024
28022
28008
27974
27962
27958
27942
27892
27845
27783
27776
27766
27749
27741
27729
27671
27667
27648
27643
27620
27608
27593
27583
27548
27522
27509
27499
27486
27481
27480
27479
27476
27469
27451
27449
27420
27400
27364
27334
27330
27317
27314
27289
27280
27263
27259
27252
27247
27241
27229
27228
27218
27196
27192
27190
27189
27147
27131
27103
27102
27052
27010
26999
26980
26978
26952
26926
26921
26883
26873
26859
26857
26846
26842
26817
26816
26803
26782
26775
26773
26768
26760
26753
26752
26750
26734
26732
26728
26726
26723
26701
26670
26668
26660
26652
26634
26609
26608
26590
26575
26513
26483
26478
26476
26461
26437
26435
26430
26425
26422
26367
26364
26363
26351
26347
26337
26336
26332
26331
26302
26300
26283
26277
26274
26262
26253
26250
26241
26219
26145
26127
26117
26115
26051
26026
26023
26011
26010
25971
25944
25941
25888
25865
25864
25862
25859
25857
25856
25842
25839
25826
25821
25816
25810
25805
25802
25748
25741
25736
25728
25708
25698
25692
25691
25690
25689
25685
25681
25668
25667
25666
25640
25638
25632
25588
25580
25540
25533
25523
25494
25477
25453
25435
25414
25406
25380
25364
25330
25313
25304
25303
25293
25277
25269
25268
25266
25264
25245
25223
25221
25216
25205
25167
25157
25148
25130
25106
25105
25095
25078
25049
25045
25034
25030
25029
24989
24974
24970
24960
24951
24937
24936
24929
24923
24913
24912
24909
24901
24899
24898
24860
24850
24828
24789
24782
24767
24762
24754
24739
24723
24717
24708
24699
24694
24687
24685
24670
24657
24648
24642
24634
24622
24618
24616
24612
24611
24610
24605
24604
24582
24567
24554
24545
24540
24538
24515
24514
24508
24501
24497
24496
24495
24469
24455
24441
24434
24406
24400
24399
24389
24377
24374
24357
24354
24353
24339
24323
24295
24288
24273
24219
24212
24210
24209
24201
24185
24179
24154
24142
24134
24133
24124
24098
24091
24084
24083
24079
24049
24046
24034
24027
24001
23991
23980
23971
23958
23935
23928
23901
23898
23866
23841
23837
23825
23818
23816
23789
23788
23781
23779
23777
23754
23747
23735
23694
23671
23666
23662
23660
23649
23632
23609
23607
23599
23591
23578
23564
23508
23505
23497
23491
23468
23376
23374
23361
23357
23350
23341
23306
23303
23290
23288
23257
23235
23233
23230
23221
23197
23190
23183
23168
23156
23149
23136
23131
23119
23111
23086
23055
23045
23038
23034
23024
23022
23012
23009
23004
22995
22991
22982
22961
22947
22931
22896
22892
22882
22870
22860
22857
22850
22849
22824
22811
22768
22765
22758
22737
22716
22701
22689
22676
22671
22640
22631
22621
22618
22615
22606
22582
22581
22579
22576
22562
22561
22560
22553
22551
22546
22544
22538
22533
22532
22522
22521
22516
22451
22450
22447
22444
22441
22418
22417
22413
22409
22400
22396
22392
22373
22346
22344
22341
22328
22298
22289
22270
22267
22260
22225
22219
22208
22182
22181
22177
22166
22163
22159
22158
22157
22150
22138
22113
22106
22104
22093
22070
22062
22042
22038
22036
22032
22030
22027
22024
22022
22017
22016
22010
22003
21962
21961
21948
21947
21936
21929
21927
21924
21923
21922
21908
21906
21905
21904
21897
21895
21888
21873
21869
21845
21843
21828
21826
21824
21820
21816
21812
21809
21800
21798
21794
21792
21787
21783
21780
21776
21775
21774
21731
21727
21718
21707
21689
21675
21674
21673
21671
21668
21667
21665
21663
21597
21591
21589
21585
21578
21570
10001
9999
