224356730
224356666
224356509
224356182
224356144
224356021
224355913
224355868
224355685
224355284
224354906
224354482
224354207
224353859
224353441
224353321
224353287
224353280
224353097
224353032
224352556
224352309
224352016
224351817
224351706
224351629
224350901
224350888
224350782
224350753
224350665
224349878
224349711
224348659
224348649
224348519
224348335
224348028
224347678
224347575
224347564
224347555
224347539
224347475
224347439
224347304
224347108
224347044
224347039
224347019
224346767
224346739
224346709
224346458
224346369
224346054
224344839
224343546
224343374
224343274
224342756
224342345
224341748
224341536
224341376
224339807
224339084
224338849
224338554
224338443
224338438
224338081
224338038
224337872
224337866
224337694
224337436
224336936
224336792
224336509
224334500
224334472
224334064
224333944
224333782
224333766
224333740
224333378
224333331
224333287
224333214
224333175
224333095
224333042
224332977
224332921
224332831
224332734
224332540
224332068
224331481
224330711
224329993
224328898
224328367
224328250
224327250
224316264
224315875
224315438
224315405
224314938
224314755
224314703
224314613
224314033
224312471
224312054
224311595
224311367
224311210
224310881
224310863
224310703
224309721
224309672
224309002
224308732
224307723
224305895
224305871
224305260
224304884
224304883
224304551
224304082
224304074
224304054
224303865
224303782
224303738
224302124
224301961
224301061
224300311
224300146
224299351
224297811
224296446
224295928
224295797
224295529
224295371
224294801
224294624
224294483
224293838
224292803
224292546
224292405
224291401
224291214
224290579
224290281
224289477
224288360
224287715
224287166
224286771
224286560
224284705
224284035
224284011
224283374
224283255
224283091
224282968
224282525
224282398
224281989
224281476
224281275
224281154
224278937
224278641
224278362
224278264
224277576
224277208
224277206
224276930
224276929
224276222
224276015
224275362
224273277
224273015
224272477
224272401
224271175
224270858
224270816
224270433
224268576
224268220
224267942
224267665
224267600
224267568
224266674
224266318
224265429
224265308
224265174
224264819
224264271
224263330
224263265
224263000
224262421
224261848
224261397
224260909
224258422
224258205
224257335
224257324
224256238
224253135
224252553
224250501
224250305
224250149
224249931
224249463
224247383
224247265
224247224
224247185
224247023
224246652
224246574
224246521
224245220
224245017
224244872
224243052
224242513
224242214
224242072
224240794
224238270
224237344
224236498
224235840
224235745
224234825
224231680
224229728
224229251
224227936
224226981
224226765
224225579
224224313
224224304
224224287
224224179
224222288
224221075
224220965
224220953
224220721
224220557
224219653
224219215
224219099
224217175
224215480
224215349
224214939
224214930
224212742
224211039
224210772
224210049
224208873
224208635
224208404
224208399
224208269
224206934
224206772
224206342
224205832
224205023
224204972
224203173
224202182
224199306
224198021
224195138
224194698
224194571
224194054
224193972
224192974
224192788
224192112
224191911
224191043
224190204
224186216
224186131
224185323
224184915
224184535
224183023
224181389
224178931
224178912
224177621
224177213
224176160
224172307
224171876
224167627
224167084
224163217
224162495
224161401
224157617
224156987
224156911
224155939
224154924
224152519
224150218
224148026
224147923
224144405
224144162
224143860
224142758
224137844
224131032
224130652
224128628
224127078
224125062
224123792
224121662
224121535
224120540
224120247
224116340
224113699
224110066
224105425
224105361
224102717
224101424
224101393
224101205
224101027
224100751
224098243
224097115
224096160
224095139
224094404
224093723
224093633
224092200
224090766
224090638
224089807
224089677
224089317
224088821
224088316
224085724
224085396
224084746
224082402
224080475
224080460
224079934
224079782
224078564
224078152
224077967
224077191
224075108
224070644
224070304
224070278
224067002
224066618
224066574
224066413
224065670
224065516
224064420
224063634
224063134
224062990
224061927
224061727
224060668
224060201
224056402
224054018
224053580
224052725
224051904
224051078
224051052
224049869
224049667
224049049
224049008
224049006
224048708
224048180
224047781
224046537
224043234
224041148
223489927
222823304
222591626
221520243
221413973
221403602
221314894
219659977
219371319
219360811
219013098
218679890
218277100
218093176
218078661
217930747
217005111
215163522
214682398
213610696
213267433
213238111
213132946
211920741
211919922
211356535
210907386
210899707
210654275
209677175
208691154
208647947
208210092
208206441
207681216
206600822
206584162
205937707
205030976
204744958
204096298
203623736
203459331
202518098
201986101
201842680
201037725
200849025
200833660
199690706
198361766
196819593
196293445
196187658
195931431
195545827
194538771
193877036
192731074
191518090
191126611
190489161
190403106
189754442
189586788
189075761
188854888
188711747
188535136
188106920
187977081
186549525
186424705
186406099
185923805
184989811
184463623
184078702
183721121
183140693
182939988
182445068
182097790
182073769
181694487
181489044
180348136
180306328
178931804
177339385
176804293
176774233
176735178
176291133
176150595
175373327
174998245
171402397
171314696
171047293
171006944
170647430
168179215
167931093
167394391
167346693
164921582
164564655
164336283
164212829
163141888
162451519
159809098
159787681
159367635
158919225
158056018
157867232
157865620
156998772
156434368
155035230
154904606
154269880
154192110
153730107
151670635
150331060
150177178
149097586
149014976
147797984
147672643
147438245
145946530
145630265
145208806
144556996
142750303
142104202
141854656
141468959
140958182
140142866
139509667
139068083
139045807
138957469
138661082
137928413
136774385
136740296
136154111
135588488
134877197
134572701
134249233
131073204
130632238
129524410
129025437
128445464
125423801
124378987
123868395
123689542
123574304
122726546
122457937
122251020
119890176
117987066
117416855
114956948
113648301
113063525
111292531
110091733
109788157
109600759
109515574
107468014
106952748
106058001
105024994
103724594
102860335
102841816
102067687
101244284
100083839
99942865
98190843
97814562
97098426
96625280
94070264
93528266
93280755
92947901
91505792
88991662
87471070
87250419
87132570
86152172
86058771
85107212
83888733
83867407
81430386
79201099
77869958
77821800
77013298
75154666
68961053
67299763
66822427
66315176
64774292
64363571
63755668
62369859
61809567
59847311
58705991
58150189
57892178
56398767
52790709
50169109
49119592
48750723
48619729
48005148
47772219
44248583
44075159
44004993
43212555
43115459
42577374
41065471
40980335
39013596
38324076
38273320
37023833
36914255
35707751
34220953
33049656
31921430
31506022
31360579
30854579
30650908
30505969
28594566
27650090
27365942
26101445
25430821
23705087
23441418
22541673
22275301
21823192
20831689
20766587
20530951
20288607
19990487
19610828
17913093
17672974
17647691
17637297
17633883
15819989
15407678
14437327
13238922
10021547
9050068
6717389
6696957
3286200
2802299
1238571
1233966
1233485
1227835
1225597
1223782
1220499
1218930
1215680
1208844
1205774
1205770
1203154
1202633
1201705
1201584
1201539
1200674
1199921
1199723
1198415
1197788
1197339
1195937
1195931
1195546
1194304
1193369
1192234
1191490
1191216
1190552
1189067
1188916
1183316
1183115
1181926
1181765
1179759
1177445
1175675
1175558
1172871
1172090
1171018
1170689
1169492
1168979
1168411
1168276
1161756
1161433
1161289
1160690
1158514
1156573
1155871
1154657
1153533
1152200
1152019
1143270
1137443
1087095
1075054
1047438
1015597
1015579
1013559
1013464
