224356646
224356532
224355858
224355670
224355650
224355637
224355613
224355598
224355505
224355152
224354993
224354964
224354897
224354805
224354785
224354762
224354735
224354709
224354427
224353815
224353549
224353497
224353263
224353033
224353028
224353001
224352838
224352816
224352740
224352467
224352388
224352365
224352350
224352212
224352173
224352023
224351871
224351715
224351703
224351604
224351533
224351439
224351069
224351050
224350686
224350477
224350285
224350149
224349830
224349750
224349545
224349495
224349458
224349312
224349170
224349093
224348881
224348778
224348558
224348510
224348436
224348363
224348250
224348188
224348129
224347972
224347963
224347804
224347686
224347311
224347092
224347070
224346998
224346852
224346677
224346631
224346437
224346260
224346247
224346107
224345577
224345362
224345352
224345216
224345192
224344726
224344429
224344422
224344411
224344336
224344223
224344062
224343731
224343717
224343504
224343298
224343284
224343262
224343242
224343172
224343148
224343137
224343122
224343096
224343075
224343027
224342999
224342875
224342849
224342787
224342699
224342580
224342471
224342441
224342421
224342325
224342298
224342291
224342263
224342258
224342211
224342195
224342154
224342120
224341956
224341931
224341915
224341804
224341789
224341661
224341638
224341313
224341158
224340623
224339717
224338565
224337975
224336894
224336627
224336329
224335715
224334346
224332874
224332491
224331513
224331068
224330023
224328332
224327502
224327366
224325506
224324277
224316175
224315790
224315724
224314341
224313998
224313681
224310487
224309873
224308970
224308085
224307180
224306367
224305478
224305354
224304745
224303775
224303344
224303157
224302923
224302631
224301663
224301550
224301492
224301073
224300702
224299053
224298995
224298275
224297396
224297171
224296943
224296233
224295533
224295489
224295454
224295430
224295419
224295293
224295143
224295055
224295027
224294113
224294074
224293265
224293218
224293157
224293145
224292734
224292642
224292571
224292288
224292234
224292167
224291972
224291931
224291714
224291709
224291422
224291414
224291377
224291333
224291305
224291282
224291252
224291248
224291140
224291085
224291010
224290906
224290864
224290845
224290801
224290800
224290758
224290742
224290672
224290630
224290619
224290611
224290513
224290452
224290431
224290358
224290354
224290332
224290301
224290290
224290275
224290272
224290216
224290201
224290187
224290064
224289983
224289933
224289926
224289886
224289812
224289762
224289747
224289744
224289693
224289659
224289616
224289608
224289579
224289568
224289498
224289478
224289468
224289457
224289447
224289427
224289424
224289405
224289396
224289389
224289332
224289306
224289303
224289246
224289201
224289189
224289167
224289158
224289149
224289107
224289105
224289102
224289071
224289046
224289002
224288964
224288956
224288943
224288933
224288924
224288918
224288891
224288889
224288842
224288840
224288828
224288810
224288798
224288795
224288792
224288791
224288790
224288784
224288777
224288768
224288729
224288712
224288707
224288685
224288677
224288654
224288637
224288633
224288611
224288517
224288514
224288513
224288489
224288446
224288445
224288390
224288382
224288375
224288356
224288347
224288346
224288320
224288318
224288271
224288259
224288225
224288184
224288169
224288157
224288144
224288142
224288118
224287964
224287941
224287939
224287831
224286968
224285505
224285503
224285450
224283093
224282939
224282700
224282173
224282102
224281656
224281017
224280952
224280899
224280640
224280217
224280025
224276991
224275433
224273547
224272956
224272811
224271206
224270535
224268370
224264008
224261762
224261528
224259513
224258880
224257707
224255909
224251303
224247264
224246834
224245644
224243775
224238070
224232003
224228018
224222036
224215203
224214402
224213849
224212731
224209863
224205710
224203525
224202587
224200007
224198116
224194919
224194257
224190897
224186347
224180500
224178095
224177050
224176294
224175319
224174128
224171383
224170174
224167216
224148207
224144185
224138990
224135263
224135022
224132601
224132550
224131722
224127847
224124654
224120489
224119270
224118161
224116569
224116139
224116101
224112540
224101272
224100880
224099672
224096897
224094526
224089769
224087496
224087099
224084534
224083894
224080070
224078936
224078427
224077873
224076367
224075412
224074524
224073806
224069406
224068401
224066259
224060893
224060087
224059781
224059219
224059150
224054561
224053884
224053740
224053232
224052869
224052308
224047502
224045634
224044852
224042796
224042783
224041408
222855409
218729537
216907218
215682861
210225697
209214615
204939030
202811622
200806912
194203927
190321514
189520192
188104782
186528635
183299063
181909023
180590879
180542772
173437638
172881615
170476485
169826567
158131175
157951383
153207373
151836089
150719889
150171752
148552893
148266872
147032571
144797363
143915840
141564008
141381218
139237647
136126314
135893598
135770273
135378559
134239842
131234202
129131575
128936282
128648755
123522020
123284098
121721752
120906036
120301159
117706364
117698131
116015941
115312466
114286263
113944561
113898792
113644003
113512312
112517786
112137094
107512661
106405884
105406269
104916730
103966481
100115789
98822345
94137170
93725885
90527596
87940817
87389958
86521608
85780694
85515232
85212999
83139157
82856338
80759673
79696739
77193461
75865051
74052790
73619417
73367182
72850410
72610688
72595197
66595897
65600739
63677604
63553532
63199275
62678811
60905223
59600964
57481134
56389640
55553571
55513726
55414292
54669336
51961404
50664783
50642376
50307248
49768119
49376983
49064477
48540166
48390348
47529223
45281841
45051059
43721858
43315271
43278802
42961020
41572840
40566338
39656551
38396984
38363885
37394069
36132958
35540052
35504141
35486089
34052066
32454624
30862532
29417247
28613137
28545855
28330819
28253106
28046397
27553463
27400735
27285555
26814406
26785059
26546884
26526498
26355708
26240462
26165473
25982422
25810867
25662640
25366082
25065831
24909929
24829838
24610165
24588082
23496098
23382022
23213945
22795753
20885321
3431584
2863553
1336974
1235439
1231111
1229236
1228025
1207879
1207376
1206583
1206577
1206571
1206569
1206566
1206565
1206562
1206559
1206557
1206555
1206553
1206551
1206550
1206547
1206542
1206536
1206534
1206533
1206528
1206526
1206522
1206521
1206141
1206135
1206133
1206130
1206129
1206127
1206126
1206123
1206122
1206120
1206118
1206115
1206112
1206111
1206109
1206106
1206105
1206102
1206097
1206094
1206090
1206088
1206086
1202553
1199832
1199119
1198456
1197902
1197681
1196830
1194723
1194122
1192499
1192463
1191932
1191868
1191646
1191644
1191641
1191637
1191635
1191633
1191631
1191629
1191628
1191627
1191626
1191624
1191622
1191620
1191618
1191617
1191616
1191612
1191611
1191610
1191609
1191608
1191605
1191603
1191602
1191600
1191599
1191597
1191596
1191594
1191591
1191590
1191589
1191586
1191578
1191576
1191574
1191573
1191571
1191570
1191567
1191565
1191563
1191561
1191559
1191557
1191555
1191552
1191548
1191546
1191545
1191543
1191541
1191540
1191537
1191535
1191532
1191530
1191528
1191526
1191523
1191520
1191519
1191517
1191515
1191513
1191511
1191510
1191506
1191504
1191502
1191501
1191500
1191495
1191491
1191489
1191488
1191485
1191480
1191478
1191471
1191468
1191466
1191463
1191462
1191460
1191455
1191453
1191451
1191449
1191446
1191443
1191439
1191438
1191435
1191434
1191428
1191425
1191423
1191420
1191418
1191416
1191414
1191413
1191410
1191407
1191404
1191403
1191402
1191399
1191396
1191394
1191393
1191390
1191389
1191388
1191386
1191383
1191382
1191380
1191378
1191374
1191371
1191369
1191364
1191362
1191360
1191357
1191356
1191353
1191351
1191349
1191347
1191346
1191342
1191338
1191337
1191335
1191333
1191330
1191328
1191327
1191325
1191323
1191322
1191321
1191318
1191316
1191314
1191312
1191311
1191310
1191309
1191308
1191305
1191300
1191298
1191296
1191295
1191293
1191292
1191291
1191288
1191282
1191277
1191276
1191273
1191267
1191263
1191261
1191259
1191257
1191255
1191254
1191251
1191250
1191249
1191244
1191147
1191145
1191143
1191141
1190978
1190975
1190973
1190971
1190969
1190966
1190961
1190960
1190958
1190955
1190953
1190951
1190948
1190944
1190938
1190934
1190927
1190924
1190920
1190918
1190917
1190914
1190912
1190908
1190907
1190905
1190904
1190903
1190902
1190901
1190899
1190896
1190894
1190892
1190891
1190888
1190887
1190886
1190882
1190881
1190879
1190877
1190876
1190875
1190872
1190870
1190869
1190868
1190866
1190865
1186869
1186866
1186864
1186863
1186860
1186856
1186855
1186851
1186849
1186846
1186844
1186842
1186837
1186836
1186835
1186834
1186830
1186827
1186826
1186824
1186822
1186818
1186815
1186814
1186812
1186810
1186809
1186808
1186806
1186804
1186802
1186799
1186798
1186794
1186792
1186790
1186787
1186785
1186782
1186779
1186772
1186770
1186766
1186762
1186760
1186758
1186757
1186755
1186752
1186750
1186748
1186746
1186745
1186744
1186742
1186740
1186739
1186736
1186734
1186730
1186729
1186728
1186727
1186724
1186722
1186720
1186718
1186713
1186712
1186708
1186705
1186704
1186701
1186698
1186694
1186693
1186692
1186689
1186687
1186685
1186679
1186673
1186671
1186668
1186666
1186662
1186661
1186652
1186650
1186645
1186623
1186622
1186619
1186616
1186613
1186612
1186603
1186599
1186598
1186597
1186595
1186592
1186589
1186582
1186580
1186578
1186574
1186571
1186570
1186568
1186565
1186563
1186559
1185918
1185558
1185054
1184468
1182464
1182241
1181545
1181099
1180961
1180204
1179069
1178109
1177184
1176218
1175463
1175267
1174495
1174405
1174014
1172152
1171933
1171931
1171930
1171928
1171924
1171921
1171917
1171913
1171912
1171910
1171906
1171903
1171900
1171897
1171893
1171891
1171887
1171884
1171882
1171881
1171879
1171877
1171876
1171873
1171870
1171868
1171866
1171862
1171860
1171859
1171858
1171471
1171470
1171469
1171468
1171467
1171466
1171465
1171464
1171462
1171461
1171460
1171455
1171448
1171445
1171444
1171440
1171436
1171434
1171430
1171421
1171354
1171348
1171333
1170943
1170577
1170285
1169111
1168996
1168441
1167864
1167857
1167850
1167844
1167842
1167836
1167830
1167815
1167810
1167805
1167801
1167793
1167779
1167777
1167776
1167772
1167767
1167755
1167749
1167746
1167741
1167736
1167719
1167717
1167714
1167712
1167709
1167704
1167700
1167695
1167692
1167690
1167689
1167685
1167681
1167679
1167672
1167668
1167664
1167660
1167659
1167656
1167654
1167436
1167434
1167432
1167427
1167421
1167419
1167412
1167402
1167397
1167392
1167387
1167384
1167379
1167376
1167373
1167369
1167365
1167363
1167361
1167358
1166769
1165949
1165585
1163567
1163487
1163275
1163183
1162536
1162532
1162528
1162525
1162523
1162318
1162315
1162313
1162312
1162310
1162308
1162306
1162303
1162301
1162298
1162297
1162293
1162289
1162288
1162282
1162276
1162274
1162269
1162268
1162267
1162265
1162260
1162258
1162256
1162254
1162252
1162248
1162247
1162244
1162242
1162241
1162233
1162229
1162227
1162225
1162224
1162223
1162220
1162219
1162218
1162215
1162211
1162210
1162209
1162207
1162205
1162202
1162201
1162200
1162199
1162195
1162194
1162191
1162188
1162185
1162181
1162180
1162178
1162174
1162172
1162168
1162167
1162163
1162162
1162157
1162154
1162150
1162141
1162139
1162136
1162133
1162128
1162123
1162120
1162119
1162116
1162110
1162096
1162092
1162088
1162085
1162082
1162081
1162078
1162077
1162073
1162067
1162066
1162064
1162062
1162061
1162058
1162053
1162050
1162048
1162041
1162040
1162038
1162033
1162028
1162018
1162017
1161992
1161989
1161986
1161977
1161975
1161970
1161871
1161868
1161860
1161856
1161387
1160890
1159255
1158264
1158259
1158256
1158255
1158252
1158249
1158248
1158244
1158242
1158238
1158234
1158232
1158225
1158222
1158221
1158219
1158216
1158215
1158209
1158205
1158200
1158194
1158191
1158189
1158185
1158177
1158175
1158171
1158170
1158162
1158158
1158156
1158153
1158150
1158147
1158142
1158140
1158137
1158134
1158127
1158124
1158120
1158112
1158104
1158099
1158095
1158090
1158086
1158082
1158080
1158078
1158076
1158074
1158072
1158068
1158066
1158062
1158057
1158049
1158047
1158045
1158040
1158034
1158032
1158028
1158025
1158019
1158014
1158011
1158009
1158008
1158006
1158005
1158002
1157999
1157996
1157988
1157984
1157981
1157978
1157976
1157973
1157971
1157969
1157963
1157954
1157950
1157948
1157945
1157942
1157935
1157934
1157931
1157930
1157925
1157921
1157913
1157904
1157900
1157888
1157882
1157878
1157873
1157872
1157869
1157862
1157859
1157853
1157849
1157835
1157717
1157708
1157704
1157696
1157694
1157692
1157685
1157678
1157672
1157669
1157655
1157652
1157651
1157644
1157633
1157629
1157623
1157282
1157279
1157272
1157267
1157263
1157262
1157254
1157253
1157250
1157246
1157237
1157234
1157231
1157223
1157221
1157212
1157210
1157203
1157199
1157196
1157194
1157188
1157175
1153678
1153393
1153389
1153388
1153386
1153382
1153377
1153365
1153359
1153355
1153352
1153347
1153345
1153342
1153338
1153331
1153328
1153325
1153321
1153304
1153303
1153300
1153298
1153288
1153281
1153262
1153259
1153255
1153248
1153243
1153241
1153239
1153237
1153235
1153231
1153227
1153225
1153223
1153222
1153220
1153218
1153215
1153209
1153207
1153202
1153200
1153198
1153196
1153191
1153190
1153188
1153185
1153184
1153182
1153179
1153176
1153173
1153172
1153168
1153167
1153162
1153157
1153156
1153152
1153148
1153146
1153145
1153144
1153142
1153140
1153138
1153137
1153134
1153131
1153127
1153123
1153120
1153116
1153114
1153110
1153107
1153105
1153101
1153096
1153094
1153091
1153085
1153083
1153081
1153079
1153077
1153076
1153071
1153070
1153065
1153063
1153056
1153055
1153052
1153047
1153044
1153042
1153039
1153038
1153035
1153034
1153032
1153028
1153026
1153022
1153020
1153016
1153015
1153014
1153012
1153010
1153009
1153006
1153005
1153003
1153001
1152999
1152998
1152996
1152993
1152991
1152989
1152983
1152980
1152978
1152976
1152972
1152965
1152962
1152958
1152957
1152956
1152955
1152951
1152948
1152946
1152925
1152919
1152917
1152916
1152914
1152911
1152907
1152906
1152900
1152895
1152891
1152885
1152883
1152879
1152876
1152874
1152871
1152866
1152865
1152861
1152859
1152854
1152850
1152845
1152841
1152838
1152834
1152833
1152827
1152820
1152817
1152814
1152813
1152809
1152799
1152790
1152789
1152782
1152773
1152769
1152766
1152762
1152759
1152756
1152754
1152752
1152745
1152743
1152740
1152739
1152738
1152736
1152732
1152728
1152725
1152724
1152720
1152716
1152713
1152712
1152707
1152706
1152704
1152702
1152700
1152697
1152694
1152688
1152685
1152680
1152678
1152676
1152671
1152665
1152664
1152657
1152655
1152651
1152648
1152646
1152641
1152638
1152635
1152633
1152627
1152623
1152619
1152617
1152612
1152607
1152603
1152601
1152597
1152595
1152590
1152584
1152576
1152573
1152570
1152567
1152564
1152560
1152556
1152554
1152550
1152547
1152546
1152545
1152535
1152533
1152525
1152519
1152516
1152514
1152513
1152511
1152509
1152506
1152505
1152498
1152494
1152490
1152484
1152469
1152448
1152447
1152445
1152440
1152437
1152433
1152430
1152428
1152424
1152420
1152418
1152408
1152401
1152397
1152393
1152391
1152386
1152381
1152379
1152372
1152371
1152365
1152360
1152355
1152349
1152342
1152335
1152332
1152331
1152324
1152323
1152320
1152317
1152313
1152309
1152299
1152297
1152293
1152287
1152280
1152276
1152264
1152260
1152257
1152255
1152249
1152243
1152238
1152230
1152174
1152090
1152089
1152086
1152076
1151998
1151974
1151917
1151878
1151863
1151855
1151843
1151784
1151760
1151737
1151676
1151639
1151630
1151538
1151526
1151393
1151391
1151383
1151373
1151361
1151354
1151341
1151337
1151159
1149703
1149287
1148781
1148544
1148540
1148531
1148525
1148519
1148455
1148443
1148423
1148415
1148411
1148392
1148369
1148361
1148355
1148349
1148344
1148342
1148338
1148333
1148330
1148326
1148322
1148316
1148311
1148310
1148307
1148302
1148300
1148294
1148287
1148282
1148278
1148270
1148262
1148259
1148253
1148252
1148247
1148241
1148237
1148231
1148227
1148217
1148214
1148207
1148203
1148198
1148194
1148193
1148190
1148188
1148184
1148177
1148175
1148168
1148163
1148157
1148153
1148148
1148139
1148135
1148132
1148124
1148122
1148119
1148110
1148104
1148097
1148092
1148091
1148083
1148077
1148071
1148065
1148058
1148049
1148044
1148043
1148041
1148036
1148029
1148026
1148023
1148017
1148005
1147998
1147993
1147958
1147915
1147907
1147902
1147869
1147856
1147832
1147823
1147821
1147791
1147787
1147782
1147774
1147764
1147755
1147748
1147743
1147739
1147732
1147724
1147718
1147715
1147710
1147705
1147698
1147693
1147685
1147682
1147677
1147672
1147668
1147661
1147659
1147656
1147651
1147645
1147632
1147627
1147614
1147605
1147600
1147597
1147548
1147512
1147484
1147474
1147470
1147467
1147459
1147447
1147424
1147422
1147420
1147416
1147413
1147192
1147169
1146975
1146940
1146695
1146463
1146334
1146249
1145650
1145557
1145392
1145258
1145254
1144992
1144826
1144788
1144751
1144633
1144583
1144578
1144572
1144568
1144562
1144557
1144551
1144547
1144541
1144534
1144529
1144526
1144519
1144514
1144509
1144473
1144371
1144286
1144268
1144251
1144226
1144188
1144181
1144173
1144169
1144163
1144151
1143976
1143946
1143934
1143912
1143886
1143873
1143869
1143862
1143846
1143834
1143830
1143825
1143814
1143793
1143776
1143774
1143762
1143749
1143739
1143735
1143728
1143719
1143714
1143697
1143684
1143671
1143585
1143533
1143530
1143524
1143519
1143512
1143502
1143496
1143490
1143485
1143478
1143471
1143463
1143458
1143450
1143442
1143437
1143432
1143431
1143413
1143407
1143401
1143393
1143385
1143381
1143376
1143370
1143367
1143364
1143356
1143348
1143344
1143339
1143329
1143325
1143322
1143316
1143312
1143308
1143306
1143296
1143286
1143280
1143279
1143274
1143264
1143260
1143255
1143250
1143239
1143233
1143223
1143219
1143215
1143210
1143206
1143195
1143191
1143184
1143173
1143167
1143127
1142971
1142953
1142943
1142939
1142933
1142926
1142920
1142916
1142910
1142907
1142905
1142901
1142897
1142892
1142887
1142884
1142880
1142877
1142873
1142870
1142867
1142864
1142859
1142857
1142853
1142826
1142815
1142784
1142772
1142768
1142765
1142763
1142761
1142756
1142750
1142744
1142737
1142725
1142720
1142714
1142709
1142706
1142700
1142695
1142595
1142184
1141881
1141464
1140630
1140537
1140456
1140445
1140299
1140050
1139921
1139834
1139772
1139768
1139761
1139753
1139749
1139747
1139744
1139734
1139733
1139728
1139723
1139711
1139706
1139700
1139693
1139687
1139685
1139679
1139671
1139661
1139654
1139642
1139630
1139618
1139614
1139604
1139598
1139593
1139592
1139583
1139575
1139569
1139567
1139563
1139556
1139550
1139540
1139539
1139535
1139524
1139519
1139512
1139506
1139499
1139491
1139485
1139466
1139459
1139452
1139448
1139445
1139442
1139431
1139425
1139420
1139416
1139412
1139405
1139404
1139398
1139391
1139384
1139379
1139374
1139365
1139363
1139361
1139359
1139350
1139342
1139338
1139334
1139324
1139315
1139308
1139301
1139290
1139284
1139280
1139273
1139264
1139258
1139254
1139248
1139244
1139240
1139236
1139231
1139226
1139216
1139208
1139204
1139197
1139194
1139185
1139179
1139175
1139168
1139161
1139157
1139154
1139148
1139146
1139139
1139133
1139129
1139123
1139116
1139110
1139103
1139100
1139096
1139092
1139088
1139083
1139082
1139078
1139071
1139065
1139061
1139059
1139053
1139047
1139044
1139040
1139038
1139035
1139030
1139028
1139021
1139013
1139010
1139008
1139001
1138995
1138991
1138985
1138981
1138976
1138969
1138964
1138962
1138958
1138953
1138946
1138940
1138934
1138930
1138929
1138927
1138921
1138918
1138911
1138903
1138896
1138886
1138883
1138873
1138868
1138861
1138850
1138842
1138834
1138829
1138826
1138822
1138820
1138814
1138809
1138775
1138757
1138754
1138749
1138738
1138733
1138728
1138726
1138711
1138699
1138694
1138673
1138664
1138657
1138652
1138644
1138633
1138631
1138616
1138363
1138358
1138348
1138337
1138331
1138322
1138315
1138309
1138302
1138294
1138283
1138279
1138264
1138245
1138235
1138209
1138185
1138172
1138163
1138144
1138118
1138098
1138075
1138043
1138018
1138003
1137968
1137953
1137927
1137904
1137878
1137862
1137838
1137805
1137785
1137755
1137693
1137573
1137497
1137051
1136652
1136478
1136192
1135958
1135838
1135585
1135569
1135538
1135479
1135321
1135145
1135019
1135002
1134730
1134599
1134576
1134565
1134559
1134545
1134537
1134533
1134528
1134518
1134512
1134499
1134491
1134484
1134479
1134466
1134461
1134450
1134442
1134436
1134424
1134416
1134403
1134397
1134389
1134382
1134377
1134370
1134362
1134352
1134343
1134338
1134330
1134325
1134322
1134317
1134315
1134301
1134295
1134285
1134280
1134270
1134211
1134201
1134195
1134191
1134183
1134177
1134170
1134166
1134160
1134154
1134149
1134144
1134140
1134134
1134128
1134126
1134122
1134115
1134111
1134106
1134101
1134093
1134088
1134084
1134081
1134075
1134069
1134065
1134056
1134048
1134042
1134034
1134031
1134023
1134013
1134006
1134002
1133992
1133985
1133979
1133971
1133961
1133953
1133944
1133939
1133928
1133924
1133921
1133916
1133912
1133901
1133885
1133871
1133856
1133851
1133847
1133833
1133719
1133355
1133350
1133343
1133019
1132681
1132441
1132401
1077638
1024255
1021154
1020594
1020015
1019333
1018006
1017499
1017483
1016629
1015816
1002607
999554
997950
995172
992059
990300
985735
982867
980902
980866
979928
979671
979661
978500
977693
974029
973748
972777
968631
967994
967933
966587
965788
961639
960084
957904
957029
955831
955761
955538
952124
949652
948781
947608
945010
944227
944057
943816
943082
942905
942341
941936
941098
940780
939705
939292
938434
938223
937200
934793
930549
926213
924228
923481
922746
922597
921484
920200
917283
913814
913360
911691
906225
904009
900387
898632
897885
895527
894216
893881
893608
893177
892816
892458
892243
890169
887718
884795
884249
882574
882335
880545
880484
879143
878425
873684
866839
863215
861485
860592
855868
855671
853045
852884
851265
844369
842051
841337
840245
839442
837535
834644
834078
833618
833090
830595
829253
824188
822943
822124
821272
821135
820016
818710
817894
817592
816142
812936
812540
809892
809256
805069
804286
793560
792722
790339
790256
790083
788614
785969
771706
770824
770768
769106
768888
766260
766223
764568
763928
762998
758930
754287
754034
751581
748589
745283
744215
741795
741765
741293
740031
739466
739441
738274
738044
737172
736552
736155
735968
734843
734011
733574
733428
731606
729819
729413
729370
727281
725009
724380
723820
723741
723653
723139
721761
721483
720178
720011
719327
717659
715791
713758
711282
711205
708788
707777
706754
706277
705096
704938
704792
702167
700831
699167
699022
698609
697203
696794
695414
694447
694395
694298
693098
692806
691539
690194
689924
689716
689626
687806
685907
685395
685258
685244
685133
684323
683533
682692
681345
680616
675379
668983
663901
662133
661735
659101
659082
658652
658453
657841
655640
654802
654663
653001
652722
650913
649813
649769
648452
648379
648362
648325
645594
645272
645264
644960
644216
642083
640110
638938
635731
635724
635634
634817
634370
632308
631217
630358
630115
628580
628049
627832
627824
626233
625523
625310
624185
623409
620590
619216
619017
616895
616662
616112
615478
614517
614110
613905
613291
612674
611571
611520
611445
608395
607692
607473
604718
602356
599823
597403
597374
597372
596392
596159
595840
595600
594529
594085
593876
593556
592990
591888
591341
589866
589831
589801
589725
589709
589574
589025
588081
587734
587320
587157
586623
586479
585144
584607
584526
584394
584143
583838
583760
581823
579266
578838
578515
578429
578315
578125
577550
576562
575899
575789
575126
574888
574531
574477
573893
573866
573190
573034
572988
572645
572363
571614
571603
571334
570986
570852
570055
569337
569319
569144
569062
568684
568346
568207
567882
566865
566625
566541
566516
565688
565500
565276
564975
564947
564839
564179
563973
563609
562964
562947
562103
561142
561100
560778
560748
560348
560073
560060
559671
559480
559361
558657
558374
557591
557525
557516
557186
557078
556831
556791
555178
554820
554770
554618
553795
553354
552537
552034
551559
551366
551262
550628
550552
550427
549909
548843
548753
548529
548373
547602
547477
547292
546466
546380
545979
545936
544409
544142
542567
542521
542455
542286
541791
541365
540188
540099
539836
539420
539405
539302
538697
538536
538176
538111
537842
537749
537738
537362
536822
536572
536122
536080
535837
535785
535016
534734
534566
534544
534004
533794
533699
533611
533079
532875
532712
532475
532319
532172
531856
530629
530177
529678
528824
528285
528248
528113
527845
527052
526783
524364
524278
523977
523636
523586
522582
522335
522163
522043
521561
520344
520180
518899
518802
517993
517878
516906
515678
514397
510726
510564
510017
509951
509661
509458
506777
502857
502797
502626
502367
502030
501914
501292
500641
500437
500416
499437
497151
496978
496142
495649
495173
494714
494673
494313
492403
491611
490774
489888
489413
489209
489206
489205
489201
487919
487902
487323
486313
484670
484573
484363
483837
482769
478256
477629
476029
474989
474921
474917
474143
473871
473869
473367
473361
473324
473185
470915
470725
470504
470490
470143
470141
470117
470102
469752
469169
468469
468464
467528
465591
464927
464804
464707
464397
464389
463639
463637
463401
463361
463263
463244
462732
462460
462001
461373
461119
460938
460933
460929
460925
460918
460907
460579
460194
460046
459855
459445
459072
459047
458747
458245
457585
457505
456767
456542
456415
455589
454295
454018
453808
453626
453625
453114
452585
452493
452435
452109
451897
451623
451599
451387
451345
451211
451210
451199
451130
449931
449767
449599
449112
448662
448629
448612
448585
447961
447819
447495
447377
447374
447120
447043
446853
446822
446701
446660
446423
446350
446269
446012
446011
444554
444340
444339
444337
444336
444334
444333
444330
444328
444164
443948
443791
443664
442506
442431
442274
441314
441311
441309
441146
441115
440849
439968
439717
439652
439190
439173
438666
438284
438281
438277
438274
438049
437298
436958
436590
435916
435906
435650
435318
435243
435131
434971
434887
434670
434647
434638
434517
433794
433491
432657
432627
432618
432610
432609
429931
429842
429798
429546
429349
427770
427328
427293
427136
427018
426625
426602
426592
426589
426582
425870
425728
424809
424805
424802
424799
424291
423510
423457
423396
423390
423356
422790
422426
422419
422338
421698
421451
420431
420421
419933
419823
419525
419416
419257
419253
419247
418885
417963
417301
417289
416646
416635
416634
416632
416032
415704
415196
415195
414922
414777
414732
414716
414577
414540
414273
414230
414202
412374
412275
411988
411911
411903
411696
411693
411652
411651
411577
411028
410747
410517
410114
410068
410052
410051
410049
409730
409519
409421
409390
409347
409342
409309
409269
409054
408984
408979
408972
408969
408964
408459
408442
408154
408041
407908
407906
407902
407490
407489
407488
407481
407475
407471
407468
407463
407399
407134
406632
406619
406128
406071
406051
406046
406038
405816
405667
405664
405662
405660
405657
405614
405581
405469
405089
404987
404963
404047
403981
403978
403963
403315
403184
402916
402736
402679
402575
402487
402484
402474
402429
402034
402018
402015
402014
402011
402009
401128
400922
400913
400906
400900
400895
400628
399503
399423
399396
399383
399240
399191
399164
399150
398988
398909
398750
398734
398687
398654
398649
398646
398288
398283
398274
398267
397933
397825
397746
397624
397593
397578
397563
397560
397547
397542
397497
397338
397116
396874
396797
396769
396758
396737
396720
396719
396713
396710
396589
396528
396521
395756
395449
395424
395417
395410
395402
395395
395389
395381
394993
394602
394599
394590
394529
394512
394413
394363
394181
394177
394147
394130
393971
393931
393821
393813
393806
393803
393590
393336
392995
392989
392981
392972
392967
392942
392929
392922
392911
392898
392895
392889
392886
392678
392458
392401
392398
392396
392387
392247
392215
392157
392143
392036
391973
391939
391896
391894
391874
391863
391853
391845
391840
391816
391786
391781
391708
391637
391632
391625
391521
391448
391445
391442
391438
391435
391432
391242
391234
391116
390712
390567
390498
390345
390326
390210
390185
390153
390122
390108
390104
390097
390088
390083
389974
389781
389674
389641
389622
389617
389613
389605
389596
389587
389582
389568
389564
389560
389556
389549
389548
389545
389541
389539
389537
389529
389347
389187
389022
388956
388919
388831
388606
388358
388338
388262
388226
388222
388149
388120
388114
388094
388093
388072
388071
388060
388051
388049
388047
388045
388043
388040
388036
388016
388005
387999
387995
387961
