224356736
224356659
224356497
224356421
224356292
224356066
224356043
224356024
224355880
224355702
224355681
224355529
224355496
224355388
224355356
224355113
224355110
224354991
224354707
224354217
224354054
224354052
224354003
224353085
224353010
224352791
224352676
224352597
224352397
224352337
224352289
224351795
224351673
224351540
224351336
224351278
224351228
224350921
224350575
224350541
224350448
224350442
224350394
224350372
224350365
224350287
224350197
224349936
224349796
224349598
224349323
224349209
224349153
224348877
224348572
224348251
224348092
224348025
224347808
224347684
224347639
224347565
224347357
224346690
224346525
224346365
224346270
224345902
224345743
224345663
224345591
224345301
224345058
224344890
224344871
224344611
224344267
224343776
224343547
224342903
224342893
224342443
224342110
224341636
224341584
224341534
224341234
224341222
224340822
224340806
224340655
224340329
224339535
224339508
224339495
224339403
224339005
224338850
224338566
224337927
224337684
224337657
224337293
224337129
224337094
224337037
224336681
224336249
224336239
224336233
224336190
224336182
224336106
224336083
224335902
224335876
224335867
224335731
224335499
224334638
224334389
224334108
224334065
224334052
224333939
224333788
224333493
224333430
224333260
224333040
224333009
224332525
224332196
224332122
224332021
224331752
224331744
224331630
224331610
224331338
224331027
224330825
224330735
224330667
224330370
224330241
224330057
224329665
224329650
224329500
224329319
224329268
224329141
224328970
224328695
224328570
224328424
224327776
224327439
224327378
224327325
224327151
224327097
224327049
224326913
224326846
224326688
224326655
224326552
224326304
224326298
224325931
224325854
224325529
224325498
224325388
224324925
224324826
224324673
224324652
224324497
224318555
224316088
224314445
224314342
224313911
224313732
224313641
224313621
224313272
224313064
224312975
224312739
224312723
224312270
224311711
224311371
224311350
224310332
224310202
224309605
224309520
224309478
224309439
224309411
224309384
224309289
224308780
224308766
224308727
224308663
224308654
224308615
224308409
224308403
224308211
224308134
224307998
224307936
224307914
224307900
224307821
224307759
224307517
224305893
224305663
224305660
224305345
224305149
224305048
224304585
224304263
224304116
224303961
224303785
224303266
224303094
224302981
224302357
224302143
224301574
224301364
224301332
224301306
224300840
224300647
224300541
224300465
224300434
224300227
224300191
224299753
224299663
224299535
224299335
224299263
224298871
224298739
224298507
224297689
224297633
224297331
224296990
224296510
224296103
224296066
224296014
224295584
224295518
224295506
224295414
224294896
224294790
224294185
224293946
224293942
224293868
224293847
224293612
224292586
224292452
224292256
224291558
224291185
224291138
224291069
224290770
224290664
224290461
224290338
224290313
224289882
224289869
224289639
224289537
224289131
224288909
224288610
224287502
224287485
224287357
224287096
224286783
224286634
224286520
224286221
224285614
224285568
224285352
224284899
224284716
224284131
224283618
224283415
224283203
224283081
224283021
224282263
224282148
224282097
224282043
224281778
224281358
224281119
224281068
224280998
224280674
224280475
224280368
224279922
224279913
224279912
224279851
224279701
224279674
224279605
224279578
224279568
224279557
224279523
224279214
224279060
224278990
224278978
224278974
224278554
224278342
224278216
224277704
224277683
224277482
224276989
224276682
224276671
224276475
224276457
224276025
224275689
224275587
224275516
224275385
224275344
224275255
224275044
224274920
224274782
224274757
224274198
224273589
224273248
224273206
224272829
224272505
224272353
224272197
224272190
224271807
224271706
224271594
224271193
224270760
224270714
224270452
224269781
224269756
224269700
224269015
224268940
224268620
224267553
224266902
224266767
224266173
224265556
224265408
224265292
224265121
224264690
224264655
224264474
224263785
224263646
224263220
224262809
224262732
224262544
224262367
224262130
224261968
224261758
224261293
224261268
224260999
224260781
224260698
224260568
224260212
224259999
224259893
224259836
224259814
224259289
224259175
224259144
224259082
224258731
224258515
224258431
224258196
224258142
224257022
224256806
224256721
224256295
224255854
224255825
224255555
224255352
224254073
224253811
224253792
224253585
224253220
224253174
224252721
224252484
224252285
224252196
224252150
224252005
224251999
224251862
224251842
224251362
224251247
224250742
224250469
224250319
224250230
224250153
224250035
224249890
224249647
224249619
224249410
224249147
224249142
224248979
224248944
224248278
224248266
224248141
224247599
224247512
224247197
224247025
224246998
224246944
224246918
224246874
224246773
224246055
224245973
224245830
224245760
224245703
224245498
224245088
224245087
224245081
224244783
224244522
224244335
224244313
224243688
224243600
224243565
224243498
224242881
224242623
224242594
224242526
224241984
224241805
224241300
224241270
224241108
224241081
224240745
224240512
224240375
224240045
224239900
224239762
224239483
224239455
224239305
224238901
224238842
224238632
224238592
224238576
224238287
224238254
224237792
224237718
224237717
224237713
224237665
224237174
224237132
224236342
224236206
224236085
224235400
224235265
224235214
224235202
224235189
224235108
224234259
224234184
224233871
224233780
224233344
224233082
224232907
224232719
224232569
224232521
224232244
224231586
224231494
224231473
224231419
224231408
224231173
224231160
224231146
224231054
224230423
224230149
224230051
224228945
224228593
224228339
224228269
224227990
224227913
224227766
224226801
224225857
224225675
224225564
224224685
224224328
224224324
224224314
224223818
224223751
224223393
224223384
224223126
224223072
224222996
224222984
224222962
224222628
224222358
224222309
224222112
224222000
224220887
224220743
224220307
224220244
224220125
224220099
224220016
224219596
224219423
224219364
224219191
224219025
224218741
224218697
224217828
224217748
224217644
224217436
224217039
224216866
224216551
224216408
224216348
224216331
224215636
224215234
224215094
224215035
224214480
224214370
224213831
224213276
224213109
224212854
224212834
224212584
224212408
224211892
224211829
224211810
224211685
224211600
224211134
224210810
224210233
224210050
224209783
224209772
224209260
224208509
224208503
224208168
224207947
224207585
224207265
224206920
224206755
224206427
224206233
224206118
224205704
224205465
224205390
224204737
224203609
224203449
224203423
224203302
224202379
224201619
224200934
224200922
224200799
224200601
224199872
224199518
224199244
224199241
224199214
224199195
224199148
224198892
224198001
224197871
224197570
224197290
224196243
224195765
224195475
224195229
224195054
224194785
224194520
224194311
224194120
224194077
224194013
224193655
224193117
224192949
224192794
224191643
224191064
224190972
224190240
224190231
224190001
224190000
224189579
224189558
224189476
224188731
224188326
224188180
224188131
224188096
224187942
224187924
224187241
224186790
224186625
224185952
224185521
224185030
224184699
224184544
224184311
224184010
224183525
224183139
224182843
224182287
224181172
224181119
224180644
224180575
224180186
224180052
224179887
224178654
224178550
224178360
224178290
224178008
224177953
224177666
224177422
224177352
224176924
224176708
224176223
224176149
224175757
224175747
224175736
224175580
224174819
224174656
224174428
224174264
224174217
224174189
224173412
224172850
224172473
224172100
224172033
224172030
224171688
224171441
224171309
224171231
224171114
224171055
224170805
224170729
224170673
224170672
224170664
224170472
224170189
224170143
224170094
224168790
224168254
224167671
224166838
224166704
224164419
224163747
224163458
224163357
224163308
224163256
224163241
224163216
224163202
224163100
224163021
224162468
224162386
224162378
224162179
224162124
224161507
224161457
224161422
224161313
224160806
224160681
224160666
224160487
224160367
224160032
224159959
224159925
224159849
224159740
224159133
224158539
224158478
224158342
224158244
224157655
224157373
224156989
224156476
224156264
224156090
224156070
224155883
224155848
224155792
224155509
224154610
224154454
224153779
224153314
224152892
224152470
224152270
224152077
224151824
224151715
224151553
224151243
224150557
224150480
224150228
224150176
224150023
224149468
224149258
224149239
224149072
224148054
224147114
224147091
224146961
224146647
224146601
224146451
224145984
224145651
224145514
224144895
224144650
224144258
224144200
224143997
224143776
224143037
224142969
224142294
224142274
224142157
224142049
224142024
224141330
224141071
224140244
224140140
224139925
224139802
224139554
224139272
224138987
224138955
224138814
224137741
224137555
224137533
224137296
224137227
224137129
224136853
224136783
224136633
224136378
224136065
224135245
224135160
224135075
224134709
224134518
224134510
224134265
224133977
224133943
224133270
224132774
224132728
224132649
224132378
224132197
224132178
224131733
224131627
224131549
224131427
224131288
224131023
224130570
224130420
224130220
224130200
224130146
224129108
224128710
224128461
224128259
224128246
224127809
224127687
224127405
224127233
224127157
224126840
224126829
224126774
224126515
224126368
224125494
224125385
224125327
224124824
224124599
224124539
224124531
224124064
224123842
224123764
224123411
224122890
224121690
224121445
224121002
224120767
224120699
224120522
224120466
224119980
224119949
224119895
224119865
224119848
224119794
224119100
224119018
224118910
224118260
224118034
224117642
224117511
224116429
224116091
224115882
224115492
224115350
224114848
224114554
224114348
224114330
224114315
224114202
224114088
224113902
224113524
224113430
224113242
224113117
224113054
224112731
224112487
224112424
224112355
224112318
224111888
224111843
224111812
224111702
224111540
224111445
224110995
224110858
224110461
224110404
224110372
224110311
224110199
224110142
224109784
224109496
224109298
224108937
224108724
224108608
224108213
224107762
224107561
224107397
224106857
224106439
224106353
224106127
224105959
224105892
224105596
224105580
224105473
224104735
224104681
224104368
224103887
224103793
224103715
224103386
224103381
224103223
224103018
224102871
224102677
224102650
224102534
224101968
224101597
224101467
224101461
224101313
224101157
224100444
224100423
224100395
224100392
224099790
224099656
224099607
224099392
224098983
224098661
224098572
224098520
224097693
224097464
224097443
224097329
224097313
224097113
224095442
224094972
224094970
224094535
224093514
224093512
224093502
224093321
224091934
224091849
224091171
224090492
224090171
224090081
224089862
224089421
224089389
224089014
224088536
224088318
224087737
224087716
224087531
224087503
224087483
224087454
224087379
224087226
224087196
224087041
224086754
224086394
224085940
224085687
224084937
224084677
224084139
224083881
224083130
224083060
224082241
224081878
224081735
224081507
224081491
224081351
224081298
224081295
224081048
224080954
224080886
224080847
224080753
224080690
224080503
224080429
224080267
224080161
224080136
224079985
224079310
224079279
224079266
224079075
224079069
224077961
224077856
224077621
224077528
224077498
224077393
224077390
224077248
224077134
224076764
224076719
224076208
224075934
224075551
224075458
224075381
224074962
224074885
224074840
224074688
224074318
224074212
224073835
224073266
224072944
224072144
224071823
224071586
224071569
224071568
224071302
224070613
224070554
224070257
224069375
224068716
224068231
224067553
224067520
224067149
224066842
224066834
224066524
224066375
224065962
224065606
224065601
224065504
224065498
224065390
224065343
224065072
224063528
224062965
224062932
224062681
224062358
224062334
224062271
224061478
224060307
224059892
224059582
224059307
224059222
224059131
224058855
224058326
224058145
224057626
224057400
224057331
224057023
224055313
224054515
224054404
224054321
224054293
224053955
224053770
224053603
224053549
224053478
224053416
224053259
224052879
224052767
224052661
224051869
224051845
224051584
224051556
224051521
224051396
224051020
224050898
224050870
224050589
224050348
224050225
224049439
224049428
224049369
224049201
224048967
224048908
224048724
224048167
224047958
224047916
224047891
224047833
224047782
224047546
224047354
224047303
224047273
224047164
224047161
224047065
224047048
224046744
224046681
224046624
224046605
224046414
224046395
224046022
224045654
224045581
224045507
224045310
224044482
224044082
224043869
224043725
224043714
224043711
224043694
224043689
224043391
224043381
224043268
224043076
224043066
224042524
224041903
224041575
224041555
224041218
224041115
224041010
224040922
224040876
224040633
224037779
223807161
223722446
223715972
223435698
223412644
223402346
223265252
223013525
222985025
222802917
222640889
222598287
222528987
222291555
222236825
222219382
222142822
222100102
222046671
222000213
221895634
221877819
221819095
221480059
221468897
221441200
221430141
221360531
221267954
221084513
221053611
221028786
220683741
220644447
220510362
220483322
220291443
220210823
220117199
220011827
219931523
219618451
219488283
219317170
219204481
219190207
219165154
218946284
218840885
218833249
218830493
218736825
218711977
218472678
218233127
218171289
218064254
217878410
217725293
217683307
217488083
217477808
217173619
216939471
216822129
216786208
216659316
216600988
216510176
216343906
216314192
216257882
216217179
216116369
216011671
215937501
215902293
215785570
215779196
215680706
215608471
215566735
215552750
215513666
215254857
215095874
215055586
215010441
214864124
214705688
214678517
214640107
214512324
214468147
214437247
214430851
214319852
213769933
213694795
213628082
213585356
213536042
213532452
213348077
213345448
213327059
213288614
213223647
213174948
212999509
212859044
212817661
212811031
212282611
211805458
211776880
211608536
211585165
211395877
210993275
210736301
210573895
210532176
210411244
210406582
210355705
210032587
209997923
209907798
209728581
209645573
209628209
209245601
209235861
209005731
208896243
208885367
208879971
208824918
208678891
208453352
208040304
207930127
207881000
207855873
207659977
207571350
207569264
207387208
207362883
207250173
207172416
207099522
207060337
206980774
206871367
206760112
206706214
206143572
205997816
205393485
205139320
205123509
204955301
204709954
204626327
204575311
204570152
204481810
204453155
204194480
204191769
204082742
203894866
203738170
202554779
202471000
202327871
202249758
202081319
201844948
201796127
201767578
201725937
201712143
201602881
201557640
201437411
201418217
201381709
200820973
200806768
200741606
200701375
200694162
200409427
200369474
200319227
200259132
200164699
199864060
199789644
199629268
199586618
199519391
199400365
199105929
198994505
198835080
198698951
198664816
198640488
198598372
198292383
198231345
198226735
198041142
198040253
198020497
197736474
197727627
197584627
197366595
197260362
196780233
196417981
196127000
195667241
195641997
195253578
195034217
194973214
194778833
194496679
194323608
194318516
193875597
193818250
193694279
193485051
193422733
193333716
193290979
193025596
192559708
192219271
192164363
192156206
192008683
191994113
191864283
191705116
191686101
191651013
191600674
191530399
191514146
191483578
191420885
191395065
191292882
191222162
191206593
191150644
191135763
191097462
191061131
190645657
190529254
190520878
190315257
190304970
190186391
189991500
189671638
189633594
189490088
189451954
189243045
189228754
189199002
189196739
189164216
189124549
188915554
188855729
188851767
188720413
188627285
188529071
188481373
188438219
188377028
188371442
188365402
188228211
188217106
188121771
188081582
187943585
187781490
187757409
187751775
187722089
187665550
187648615
187625977
187614576
187579928
187109946
186970825
186941036
186927498
186709871
186704622
186596124
186450562
186349078
186236488
186193255
186188918
186177690
186176144
186159603
185902780
185853388
185594633
185489902
185453488
185367908
185249571
185218619
185021594
185001854
184979510
184974557
184947013
184903640
184814835
184544355
184510150
184452937
184427833
184423642
184317019
184175773
184050852
184050112
183924021
183891026
183854083
183848571
183713824
183689513
183505242
183472001
183471116
183445946
183417558
183400652
183322728
183246497
183120623
183040752
183000713
182928765
182868175
182745514
182715564
182262134
182105798
182104798
182067034
181911030
181890638
181695557
181629451
181589360
181562697
180994209
180443693
180073652
180002315
179990941
179793618
179740908
179713117
179559753
179512167
178990501
178905584
178822329
178820206
178784456
178781689
178660529
178554466
178428224
178367566
178316032
178265812
178220459
178171072
178154894
178106134
178045389
177918989
177849125
177840855
177439254
177386836
177386244
177234055
177208745
177172685
177105472
177085339
177082451
176924314
176647802
176303971
176213531
176160361
175957491
175948265
175854330
175765616
175609573
175592969
175489675
175433806
175395061
175388158
175267981
175215953
175130744
175121705
175095716
174948527
174732305
174649862
174074727
174023783
173780878
173626580
173619371
173441492
173221341
172943677
172894007
172607325
172285131
172268911
172259421
172166491
172134366
171590651
171543591
171295752
171277561
171095878
171058618
170799093
170657349
170640313
170632597
170589626
170340101
170051261
170019916
170015000
169745438
169728010
169575253
169480972
169267201
169038366
169011659
168989455
168913274
168881593
168674403
168659739
168584132
168231777
168047308
168035522
167877265
167787146
167719747
167688231
167674234
166904071
166846377
166724561
166622054
166392235
166384968
166289471
166230388
166123849
166096216
166034239
165914260
165865751
165710057
165653239
165526496
165364997
165364198
165285269
165024999
164842223
164780774
164554139
164551252
164429727
164282038
164264849
164197786
164141099
163961120
163675402
163384194
163269555
163098996
163056814
162816476
162684114
162680745
162436283
162332883
161706322
161497346
161408167
161005632
160784876
160734424
160683808
160660882
160653573
160636822
160596764
160587786
160376814
160352414
159946621
159946173
159808755
159662578
159608117
159566286
159506278
159490099
159458933
159129386
158794612
158642946
158628972
158497455
158410706
158365830
158279587
158264877
158240170
158170835
158127038
158094260
158075562
158043900
158028262
158008441
157726966
157719664
157673051
157644318
157590258
157542194
157465824
157409482
157224543
157145444
157102792
156894021
156476217
156230625
155848455
155596386
155421956
155411525
155276480
155148590
155145898
155106686
154581656
154538366
154454693
154142864
154068978
154027039
153983985
153947440
153904273
153708648
153549623
153360592
152744825
152522810
152022567
151974428
151951107
151506092
151467562
151402386
151258635
151189328
151133715
150741330
150137337
149999889
149681142
149548028
149506180
149496406
149137380
148984529
148968814
148901586
148874916
148867904
148469903
148366917
148337105
147506066
147421126
147301173
147264226
147254831
147001233
146493906
145720436
145351450
145291961
145274210
145232045
145213721
145040140
144954001
144933500
144752460
144592992
144561529
144467188
144375951
144249223
144180022
143884590
143755247
143682821
143579789
143444959
143281735
143278365
143182892
142725310
142634297
142507595
142466601
142347276
142242544
142170969
142070539
141968550
141835997
141819053
141619510
141336760
141164482
140795140
140622542
140495045
140418034
140402664
140249770
140240262
140154537
140079806
140009185
139925087
139794663
139627618
139616722
139547123
139521197
139306075
139027236
138967188
138903136
138805515
138743198
138722128
138496720
138319249
138076184
138019030
137949544
137725047
137717849
137693752
137596460
137287579
137274856
137214390
137135184
136910907
136652086
136649034
136410669
136365626
135846465
135845635
135834455
135811063
135765132
135581793
135576193
135549582
135531107
135490307
135327028
135314737
135302503
135102574
135085348
134953713
134923203
134843707
134768608
134755752
134557367
134454683
134445739
134371586
134021739
134009144
133998082
133717376
133534141
133371516
133365346
133077504
132976191
132835444
132528514
132481022
132470795
132201017
132200077
131938363
131695303
131681616
131595901
131570261
131552308
131547761
131346383
131063123
130972614
130792067
130778936
130469322
130394818
130325376
129912026
129725627
129721905
129660875
129636630
129256092
129218471
129114781
129026029
128911011
128584535
128497642
128138924
128082307
128041910
127930656
127828169
127795195
127790597
127785927
127398182
127344254
127318772
127309292
127062051
127031765
126983573
126926376
126888656
126879106
126851254
126747831
126741767
126604219
126268976
126239537
125642007
125449179
125351837
125228181
125178723
125100371
125001967
124288956
124025792
123983086
123861932
123635860
123436375
123341704
123310256
123310252
123278079
123276160
123237741
122923904
122722114
122625037
122531313
122318802
122195636
122181029
121776527
121604086
121311742
121257636
121225943
121113360
120992399
120773650
120749372
120743859
120736274
120610640
120483142
120230371
120192236
120163339
120109551
119477161
119475583
119381784
119357900
119006077
118951615
118711833
118650043
118625779
118452768
118379872
118283444
117616438
117611189
117552961
117539620
117535615
117524053
117484094
117402378
117304869
117235876
117142277
117130062
117074092
117035941
117008728
116791053
116777888
116738452
116588902
116558641
116549029
116527628
116513379
116426817
116354608
116235351
116047352
115965812
115953620
115892047
115837531
115836633
115776306
115703150
115581425
115533145
115502590
115436792
115389182
115075101
114925525
114665264
114353212
114337838
114271254
114222139
113647895
113434135
113380984
113374414
113356177
113333696
113301522
113250526
113096003
113028187
112981767
112965602
112946865
112849671
112566963
112558871
112463845
112461012
112450976
112235273
112084296
111899737
111888682
111782062
111733501
111707466
111649474
111496236
111180116
111098363
111064287
110911962
110795265
110762868
110644565
110587697
110397119
110252849
110174785
110153435
110147692
109878918
109878240
109819861
109540110
109535191
109444141
109340350
109197112
109135000
109004585
108611459
107690481
107665331
107637466
107508069
107452637
107337912
107045286
107012624
106571782
106407968
106336179
106293547
106253018
105766383
105571411
105551907
105508987
105193832
105104693
104989635
104941617
104833453
104815540
104740805
104196544
103920638
103829251
103810306
103777221
103459584
103216841
103089127
102882240
102848373
102778759
102647052
102636704
102586468
102239925
101884854
101871904
101852489
101717441
101709030
101572246
101445563
101320449
101305436
101233020
101100602
101041969
100724572
100488032
100371841
100370188
100228695
100219706
100088189
100010560
100003503
99273746
98912140
98909621
98709532
98637931
98590697
98434980
98410474
98243556
98051148
97949707
97925013
97854297
97763665
97699391
97672112
97584453
97533094
97358947
97178062
97116249
96953276
96940085
96798525
96792292
96779730
96736736
96644244
96612273
96558589
96540391
96455875
96418370
96398442
96325630
96185886
96132790
96043744
95910397
95835377
95703855
95682962
95676780
95674167
95487170
95461356
95392133
95333374
95328186
95313985
95143412
95140914
95075544
94921628
94769559
94764212
94616024
94538166
94117878
94092844
93910436
93794088
93625468
93570620
93499117
93423597
93305708
93134810
92860033
92826515
92777532
92759852
92722154
92565123
92545603
92539385
92248101
92236988
92183769
92112915
91886045
91725890
91430683
91410660
91176350
91154216
91143874
91128010
91122252
91121520
91076898
90964170
90963179
90961829
90931272
90896819
90883575
90849079
90772936
90736631
90367118
90213827
90157066
90121138
89783815
89767237
89743034
89739453
89724956
89714559
89683940
89506640
89458411
89354380
89322002
89213209
88971382
88891268
88855878
88737251
88655037
88630428
88628121
88528458
88331011
88241470
88116608
88080450
88026667
88015073
88010856
87907133
87371041
87350622
87339228
87260946
87231882
87171120
86973095
86939383
86926249
86916997
86915169
86885499
86686572
86588657
86586664
86530382
86311685
86300548
86284999
86255050
86221309
86000737
85969110
85963092
85936333
85809550
85796940
85718910
85668592
85597210
85586070
85545637
85534083
85472164
85407005
85351237
85282100
85186141
85044700
84793683
84754865
84636868
84628704
84557977
84285108
84094347
83738909
83729773
83720502
83597777
83521915
83454178
82986201
82866924
82835442
82786260
82767927
82765087
82615315
82589831
82492731
82461640
82419139
82387298
82384236
82378241
82354735
82303679
82295724
82259270
82183111
82157319
82140017
82133923
82057120
81872697
81708759
81632278
81565814
81442071
81339774
81239956
81052990
80923576
80865047
80745360
80660925
80656518
80629035
80625469
80273646
79832967
79828578
79808547
79649741
79610163
79537813
79415883
79414710
79374349
79355036
79350878
79305149
79230471
79170430
79084940
79055153
79023716
78918808
78893433
78889129
78852462
78802792
78741995
78622082
78547405
78512204
78445977
78339129
78165786
78046678
78007628
77912335
77822249
77622721
77587078
76931207
76887211
76529586
76463433
76362020
76278499
76230794
75965611
75948483
75773774
75738549
75684842
75672172
75542495
75475163
75323649
75317832
75300054
75255087
75157540
75096183
75064292
75002156
74990675
74885087
74843361
74814451
74805117
74715051
74661625
74502631
74501041
74400975
74384046
74307119
74226257
74163618
74146237
73948224
73891453
73826762
73729338
73677576
73660920
73659937
73644572
73474331
73427988
73216172
73208163
73083543
73017388
72760676
72758981
72689128
72681398
72552928
72439721
72377972
72336713
72239092
72190880
72008594
71939556
71939322
71642956
71614742
71519174
71494153
71483662
71391057
71027677
70828367
70815270
70801315
70704268
70660257
70647537
70547278
70483369
70417848
70353702
70346472
70314500
70299656
70296335
70288672
70226009
70160954
70099046
70059711
70023353
69950377
69910993
69910475
69895888
69781362
69664948
69649043
69566081
69479655
69358380
69317490
69208377
69199848
69120451
69081230
69059496
68996883
68905811
68855341
68846236
68845762
68845648
68834627
68798820
68790058
68788717
68698594
68668329
68617373
68581431
68455026
68373984
68353969
68161489
68150743
68123702
68120678
68114672
68049628
68025615
67916944
67731998
67673485
67649128
67558969
67501613
67493214
67356841
67313216
67154679
67151202
67093965
67052837
66998113
66947351
66901145
66893861
66835846
66814575
66694194
66665993
66651293
66630115
66589357
66432300
66345069
66339359
66303095
66272460
66241437
66218789
66170088
66165252
66140620
66121667
66071258
66052556
65894678
65892523
65681130
65644725
65638093
65614008
65581656
65555429
65500450
65497093
65447382
65364128
65351484
65346667
65304239
65300660
65281775
65264201
65241014
65220887
65135185
65128066
65095968
65069505
65068551
65020047
64952727
64942399
64924705
64914934
64883657
64861779
64841549
64805505
64802069
64776545
64767837
64764076
64755625
64742595
64715490
64704278
64701461
64659919
64656636
64640398
64623178
64617333
64615543
64593619
64547057
64471471
64387746
64269725
64162813
64144569
64132422
64076349
64007941
63954789
63947266
63821930
63772923
63726351
63648453
63625961
63530134
63509402
63467519
63444706
63396160
63303380
63231119
63223067
63172346
63127348
63119277
63073395
63063978
63043741
62888782
62877230
62823525
62757135
62745267
62693913
62671102
62649828
62594083
62578670
62502936
62409552
62370006
62292796
62287257
62282443
62164955
62103470
62086760
62077897
62064687
62059000
61992698
61991757
61981429
61937096
61933913
61873976
61823378
61729776
61687019
61668540
61655310
61648539
61639883
61622834
61546908
61546357
61530153
61522348
61482356
61481384
61479468
61474761
61456513
61420081
61410565
61356445
61310228
61268682
61267417
61204465
61198603
61186809
61164835
61117630
61094952
61089737
61015922
61013404
60962568
60918643
60918592
60916844
60892583
60870750
60860581
60860242
60853672
60849601
60794308
60778480
60769121
60763447
60762859
60706277
60702172
60676723
60662590
60609917
60548649
60503515
60488237
60471093
60438790
60437350
60424207
60391306
60382077
60334306
60318308
60292644
60271005
60254670
60242577
60214153
60208408
60194837
60131912
60126279
60081349
60041841
60007265
59997914
59996829
59976214
59973140
59971064
59943985
59938450
59860666
59841795
59840049
59790537
59700647
59637684
59527649
59419780
59418064
59392897
59375017
59355151
59334151
59295910
59295153
59289906
59284245
59257056
59254750
59244978
59224791
59215725
59201718
59157132
59147323
59094786
59082538
59031566
59021748
59001284
58997373
58970404
58965011
58958849
58957785
58927298
58916891
58913154
58900369
58895592
58881974
58874096
58832164
1225707
1221986
1219805
1219425
1217667
1211250
1203093
1195940
1193944
1193508
1190271
1187617
1182405
1182159
1180823
1178465
1178083
1174362
1173137
1149965
1130030
1129618
1030683
128826
109176
105923
96056
