224356058
224354500
224352381
224351995
224351806
224351600
224350701
224350412
224350186
224349414
224348548
224348131
224346765
224344634
224344306
224342916
224342232
224341832
224341582
224340687
224339869
224339263
224338982
224337308
224337258
224336432
224332651
224331849
224330533
224328038
224327875
224327666
224324517
224317971
224315883
224315309
224314941
224314844
224311303
224310774
224305967
224305862
224305495
224304987
224304915
224304109
224303679
224302462
224301732
224301026
224300784
224300510
224299503
224297488
224295780
224295675
224294258
224293797
224290787
224289239
224289045
224288827
224288787
224288340
224286126
224285676
224285080
224284913
224282846
224281337
224281174
224280913
224280509
224280062
224279695
224279456
224279324
224279281
224278804
224278649
224278195
224276470
224276085
224276034
224274250
224273482
224271691
224271364
224271343
224270502
224270255
224269517
224269082
224268869
224267990
224267776
224267143
224266920
224266675
224266559
224266048
224265981
224264237
224264048
224263113
224262784
224259515
224259107
224259086
224258674
224258109
224257769
224257622
224257114
224256661
224256630
224254996
224254646
224253739
224252694
224252497
224252019
224251428
224251296
224250666
224250094
224249965
224248888
224248779
224248263
224248210
224247985
224247099
224247022
224246332
224244006
224243297
224242566
224241992
224241322
224241088
224240671
224240044
224239767
224239211
224239142
224239130
224238935
224238390
224238260
224238205
224238095
224236998
224236245
224235925
224235795
224235768
224235692
224235199
224234951
224233749
224233209
224232922
224232920
224232068
224231158
224230471
224230337
224230329
224229969
224229357
224229234
224228485
224228454
224228391
224228299
224228007
224227831
224227738
224227526
224227488
224227427
224227363
224227214
224227069
224227029
224226877
224226035
224225541
224225248
224225040
224224773
224223677
224223602
224223555
224223273
224223219
224222585
224221975
224221972
224221862
224221857
224221833
224221415
224221397
224221269
224221235
224221031
224220976
224220494
224220421
224220388
224220380
224220303
224220042
224219888
224219453
224219002
224218689
224218476
224218095
224217821
224217681
224217346
224217141
224217018
224216511
224216509
224216448
224216422
224216274
224216074
224215987
224215449
224215374
224214900
224214707
224214650
224214589
224214418
224214362
224213759
224212568
224211951
224211918
224211747
224211119
224210676
224210560
224210517
224210244
224210217
224209960
224209825
224209541
224209407
224208639
224208556
224207928
224207923
224207404
224207001
224206283
224156663
224112256
403075
378140
361701
357647
348842
342946
341966
341292
337494
333881
329525
324960
322496
318588
317654
317575
315693
313158
311781
308688
308440
308296
306856
306395
304115
303010
300989
300772
300369
300168
300100
298617
297728
296293
295415
294964
294487
294345
293851
293802
293767
293681
293653
293529
293525
292884
290675
289299
289093
289004
288184
288050
287999
287737
287027
286893
286793
286731
286659
286422
286398
286192
286167
286092
285607
285134
284996
284909
284907
284794
284688
284343
284134
284039
284004
283868
283484
283461
283279
283246
283198
283154
282879
282750
282679
282668
282586
282514
282511
282179
282118
282086
282000
281960
281830
281762
281708
281657
281599
281487
281336
281239
281025
280798
280750
280507
280272
280156
279852
278904
278738
278034
277365
277033
276959
276725
276230
276052
274531
274284
273593
273112
273010
272868
272759
272489
272155
271844
271788
271284
270718
270143
269510
269410
269379
268384
268123
267180
266322
265999
265958
265797
265763
265599
265583
265427
265036
264817
264761
264716
264703
264697
264517
264511
264485
263943
262903
262672
262528
262341
262296
262197
262120
262092
261715
261668
261577
261575
261509
261052
260918
260209
260120
259675
259443
259180
259101
259077
259052
259013
258938
258929
258738
258712
258647
258636
258618
258545
258502
258461
258411
258364
258194
258062
257919
257761
257683
257154
257005
256808
256688
256249
256213
255998
255986
255416
255358
255259
255108
255090
254579
254479
254474
254460
254324
254167
254142
254059
253902
253784
253737
253691
253647
253549
253472
253325
253171
252995
252942
252844
252803
252685
252599
252560
252546
252459
252432
252308
252235
252212
252043
251857
251780
251655
251652
251628
251621
251620
251598
251568
251565
251477
251447
251368
251269
251258
251237
251045
250949
250929
250900
250846
250844
250814
250793
250746
250739
250734
250711
250677
250628
250605
250569
250554
250475
250458
250361
250354
250291
250218
250216
250133
