224356817
224356797
224356654
224356504
224356464
224356424
224356308
224356243
224356015
224355814
224355636
224355464
224354633
224354480
224354415
224354331
224354301
224354296
224354096
224354091
224353991
224353895
224353871
224353745
224353689
224352958
224352908
224352769
224352668
224352447
224352404
224352266
224352112
224352068
224352037
224351946
224351929
224351689
224351453
224351174
224351150
224351093
224350967
224350930
224350774
224350636
224350317
224350219
224350107
224349959
224349848
224349211
224349142
224348978
224348908
224348857
224348636
224348588
224348521
224348432
224348290
224348011
224347943
224347400
224347329
224347257
224347160
224346693
224346438
224346306
224346116
224345764
224345721
224345658
224345575
224345532
224345429
224345347
224344912
224344721
224344678
224344663
224344615
224344461
224344382
224343969
224343758
224343517
224343478
224343465
224343403
224342843
224342824
224342815
224342353
224342238
224341951
224341911
224341836
224341612
224341535
224341342
224341168
224340906
224340617
224340613
224340588
224340369
224340341
224340049
224339983
224339912
224339773
224339750
224339596
224339505
224339321
224339134
224339097
224338933
224338931
224338628
224338557
224338428
224338334
224338263
224337902
224337622
224337615
224337548
224337534
224337529
224337521
224337514
224337413
224336864
224336660
224336404
224336330
224336294
224336037
224335991
224335808
224335308
224335266
224335101
224334915
224334765
224334723
224334722
224334503
224334445
224334252
224334225
224334203
224334105
224334042
224334029
224334011
224333899
224333660
224333627
224333566
224333527
224333482
224333424
224333248
224333199
224333104
224333035
224333033
224333031
224332775
224332768
224332613
224332435
224332327
224332192
224332184
224331871
224331780
224331721
224331625
224331508
224331345
224331146
224331048
224330912
224330510
224330179
224330102
224329878
224329696
224329490
224329462
224329225
224328890
224328463
224328356
224328305
224328302
224328271
224328091
224328074
224327934
224327888
224327769
224327755
224327719
224327536
224327358
224327313
224327276
224327262
224327210
224327194
224327188
224327153
224327104
224327085
224327078
224326845
224326831
224326819
224326270
224325751
224325558
224325207
224325187
224324589
224324503
224324474
224316011
224315662
224315643
224315545
224315366
224314982
224314765
224314555
224314548
224313853
224313110
224312989
224312002
224311840
224311330
224311277
224311171
224310871
224310784
224310783
224310367
224310306
224310290
224310086
224309949
224309864
224309793
224309778
224309703
224309273
224309253
224309243
224309163
224308983
224308860
224308836
224308789
224308781
224308772
224308639
224308625
224308362
224308110
224307803
224307705
224307442
224307409
224307401
224307357
224307321
224307273
224307266
224307255
224307160
224307002
224306923
224306819
224306172
224305864
224305705
224305590
224305547
224305342
224305133
224305072
224305057
224304880
224304518
224304493
224304434
224304329
224303590
224303368
224303234
224303115
224302944
224302686
224302458
224302414
224302307
224302297
224302292
224302216
224302115
224301875
224301841
224301789
224301408
224301383
224301297
224301224
224301019
224301015
224300834
224300623
224300385
224300363
224300304
224300161
224299806
224299778
224299726
224299336
224299311
224299253
224299158
224299041
224298924
224298876
224298729
224298533
224298431
224298251
224298171
224298127
224297964
224297744
224297571
224297556
224297499
224297480
224297374
224297244
224297194
224297128
224297074
224297069
224297065
224296903
224296564
224296411
224296375
224296247
224296246
224296109
224295993
224295937
224295650
224295627
224295596
224295496
224295483
224295268
224295128
224295048
224294987
224294986
224294824
224294652
224294638
224294282
224294154
224294068
224293917
224293873
224293742
224293611
224293571
224293515
224293333
224293301
224293021
224293005
224292892
224292844
224292823
224292764
224292579
224292538
224292511
224292506
224292404
224292183
224292019
224291796
224291688
224291514
224291407
224291209
224291161
224291033
224290964
224290943
224290741
224290714
224290649
224290620
224290542
224290442
224290110
224289750
224289481
224289420
224289297
224289286
224289195
224289078
224288686
224288560
224288241
224288133
224288072
224287730
224287726
224287687
224287326
224287032
224286972
224286965
224286870
224286826
224286786
224286711
224286708
224286537
224286496
224286453
224286022
224285900
224285741
224285162
224285123
224284694
224284572
224284567
224284559
224284547
224284540
224284532
224284273
224284072
224284069
224283955
224283913
224283899
224283885
224283687
224283640
224283573
224283538
224283389
224283295
224283207
224283008
224282899
224282860
224282671
224282538
224282154
224282103
224282061
224281968
224281952
224281671
224281611
224281547
224281207
224281057
224280601
224279974
224279957
224279910
224279631
224279194
224279188
224278934
224278693
224278586
224278285
224278069
224277861
224277846
224277836
224277590
224277387
224277343
224277002
224276888
224276774
224276617
224276311
224276215
224276164
224276156
224276097
224276090
224276080
224276047
224276041
224275874
224275724
224275603
224275580
224275528
224275458
224275316
224275303
224275227
224275225
224275213
224275096
224275074
224274957
224274746
224274494
224274239
224273549
224273499
224273450
224273428
224273183
224272938
224272815
224272764
224272744
224272623
224272581
224272532
224272468
224272438
224272301
224272248
224272083
224272013
224271811
224271755
224271736
224271650
224271602
224271547
224271115
224271099
224270872
224270345
224270283
224270263
224270201
224269840
224269501
224269173
224269131
224268995
224268980
224268899
224268741
224268567
224268101
224268002
224267963
224267920
224267919
224267694
224267601
224267587
224267442
224267241
224266858
224266631
224266603
224266478
224266466
224266446
224266382
224266301
224266157
224266110
224265936
224265839
224265659
224265637
224265431
224265386
224265314
224265127
224265124
224265015
224264580
224264479
224264373
224264085
224264061
224263655
224263561
224263296
224263044
224262512
224262455
224262432
224261896
224261855
224261772
224261460
224261148
224260906
224260701
224260668
224259681
224259385
224259263
224259206
224258988
224258970
224258757
224258353
224258141
224258040
224257679
224257649
224257579
224257575
224257431
224257247
224256935
224256875
224256729
224256521
224256515
224256315
224256235
224256130
224255940
224255803
224255719
224255686
224255195
224255186
224254936
224254845
224254679
224254537
224254074
224253761
224253217
224253161
224252944
224252920
224252416
224252403
224251215
224251055
224250728
224250423
224250102
224250089
224250087
224249961
224249513
224249336
224249118
224249010
224248684
224248509
224248487
224248369
224247763
224247670
224247267
224246328
224246205
224246027
224245997
224245937
224245736
224245475
224245236
224245231
224245219
224245218
224244954
224244509
224244424
224244134
224244022
224243971
224243909
224243816
224243467
224243182
224242087
224242003
224241970
224241932
224241927
224241863
224240542
224240353
224240346
224240221
224239833
224239764
224239505
224239481
224239315
224238976
224238798
224238521
224238404
224238401
224238098
224237885
224237676
224237607
224237589
224237563
224237392
224237303
224237013
224236949
224236947
224236866
224236805
224236784
224236635
224236319
224235747
224235737
224234969
224234906
224234873
224234631
224234464
224233587
224233563
224233109
224233026
224232950
224232847
224232749
224232714
224232580
224232483
224232439
224232274
224232226
224232081
224232030
224232022
224231715
224231713
224231544
224231216
224231206
224231199
224231051
224230617
224230600
224229903
224229887
224229717
224229629
224229587
224229399
224227963
224227792
224227724
224227661
224227255
224227056
224226849
224226708
224226579
224226554
224226444
224225616
224225493
224225461
224225375
224225125
224224970
224224863
224224820
224224545
224224451
224224356
224224352
224224165
224223954
224223952
224223744
224223605
224223137
224222877
224222677
224222584
224222480
224222166
224222096
224221792
224221689
224221439
224221273
224220830
224220770
224220662
224220534
224219568
224219452
224219022
224218897
224218737
224218642
224218628
224218567
224218524
224218461
224218247
224218081
224217970
224217689
224217648
224217578
224216716
224216689
224216437
224216410
224216361
224215750
224215144
224215008
224214828
224214658
224214646
224214359
224214095
224213926
224213872
224213570
224213546
224213395
224213355
224213281
224213096
224212566
224212500
224212445
224212172
224212020
224211965
224211813
224211293
224211005
224210976
224210960
224210605
224210442
224210203
224210028
224209972
224209885
224209830
224209742
224209668
224209544
224209015
224208994
224208511
224208474
224208408
224208364
224208128
224208116
224208050
224207448
224206759
224206105
224206082
224205362
224205120
224204976
224204950
224204928
224204856
224204575
224204231
224204093
224203906
224203541
224203439
224203353
224203184
224202978
224202792
224202649
224202202
224201877
224201651
224201387
224201151
224201059
224200992
224200903
224200782
224200143
224200081
224199578
224199527
224199196
224199163
224198859
224198848
224198492
224198423
224198357
224198289
224198212
224198181
224198096
224197099
224197003
224196769
224196766
224196666
224196493
224196412
224196238
224196131
224196073
224195721
224195688
224195324
224195073
224195051
224194830
224194144
224193795
224192863
224192639
224192494
224191933
224191892
224191652
224191550
224191385
224191360
224191216
224191124
224191061
224191030
224190922
224190828
224190629
224190369
224189718
224189182
224189003
224188858
224188764
224188720
224188707
224188646
224188639
224187945
224186988
224186949
224186907
224186880
224186863
224186386
224186203
224186089
224186028
224185832
224185673
224185245
224185091
224184846
224184263
224184219
224184140
224184095
224183959
224183954
224183837
224183546
224183516
224183474
224183015
224183014
224182235
224182062
224181752
224181373
224181326
224180710
224180637
224180560
224180202
224179934
224179909
224179893
224179832
224179627
224179601
224179461
224179443
224179095
224179034
224179000
224178927
224178870
224178678
224178625
224178553
224178440
224178435
224178116
224178090
224178080
224178027
224177971
224177929
224177522
224177418
224176972
224176653
224176502
224176411
224176008
224175572
224175402
224174897
224174835
224174700
224174683
224174658
224174622
224174382
224174202
224174201
224174008
224173613
224173370
224173298
224173269
224173033
224172891
224172852
224172760
224172502
224172476
224172158
224171998
224171842
224171394
224171148
224170870
224170868
224170528
224170306
224170076
224169967
224169952
224169927
224169907
224169493
224169385
224169269
224168982
224168794
224168738
224168626
224168589
224168557
224168112
224168109
224167946
224167762
224167751
224167740
224167663
224167623
224167598
224167549
224167503
224167215
224166729
224166258
224166256
224166238
224166224
224165828
224165689
224165669
224165630
224165613
224165544
224165164
224164440
224163680
224163646
224163643
224163601
224163585
224163366
224163277
224163141
224163064
224162336
224162212
224161805
224161646
224161456
224161433
224161304
224161139
224161114
224160931
224160576
224160465
224160433
224160324
224160149
224160117
224160093
224160073
224159860
224159768
224159722
224159337
224159215
224159100
224159084
224158613
224158255
224157852
224157525
224157377
224157209
224156656
224156258
224156001
224155998
224155974
224155466
224154907
224154759
224154734
224154185
224153865
224153727
224152942
224152864
224152825
224152458
224152339
224152196
224151924
224151793
224151675
224151618
224151454
224151368
224150869
224150585
224150216
224150177
224149592
224149487
224149109
224149039
224148664
224148626
224148027
224147944
224147795
224147748
224147641
224147285
224146606
224146501
224146394
224146370
224146189
224146180
224146022
224145968
224145960
224145607
224145138
224145086
224144870
224144755
224144709
224144602
224144429
224144170
224143587
224143220
224143156
224142928
224142822
224142618
224142468
224141834
224141781
224141721
224141666
224141555
224141440
224141403
224141358
224141279
224141236
224141225
224140949
224140331
224140223
224140188
224139893
224139732
224139633
224139499
224139445
224139425
224139226
224139215
224139182
224139001
224138850
224138849
224138718
224138651
224138442
224138361
224138217
224138173
224137988
224137886
224137699
224137696
224137576
224137042
224136503
224136440
224136216
224136010
224135982
224135958
224135866
224135769
224135376
224135362
224135260
224135219
224135065
224134985
224134498
224134486
224134420
224134413
224134387
224134236
224134216
224133571
224133311
224133303
224133243
224133080
224133048
224132996
224132767
224132440
224132330
224131770
224131761
224131694
224131443
224131312
224131204
224130932
224130812
224130722
224130487
224130340
224130105
224130021
224129875
224129842
224129777
224129099
224129006
224128983
224128268
224127948
224127693
224127672
224127654
224127270
224127202
224126885
224126816
224126698
224126585
224126446
224126367
224126293
224126238
224126211
224126111
224125997
224125860
224125840
224125700
224125682
224125671
224125668
224125259
224124742
224124597
224124584
224124570
224124428
224124421
224124016
224124008
224124002
224123657
224123645
224123455
224122820
224122564
224122550
224122216
224121800
224121658
224121483
224121475
224121311
224121304
224120723
224120703
224120421
224120041
224119990
224119766
224119295
224119008
224118954
224118913
224118839
224118630
224118602
224118254
224118185
224118037
224118019
224117914
224117099
224116842
224116493
224116347
224116337
224116283
224116133
224115357
224115097
224115015
224114919
224114687
224114550
224114165
224113790
224113542
224113345
224113273
224113205
224113178
224113098
224113069
224112992
224112885
224112874
224112761
224112531
224112524
224112144
224112102
224112053
224111957
224111579
224111420
224111397
224111332
224111263
224111242
224111129
224111082
224110918
224110845
224110715
224110460
224110040
224110034
224109664
224109536
224109257
224109236
224109216
224108231
224108067
224107941
224107717
224107669
224107619
224107516
224107508
224107308
224106970
224106720
224106704
224106619
224106525
224106512
224106240
224106133
224106105
224105784
224105743
224105642
224105507
224105268
224105104
224104961
224104813
224104624
224104563
224104478
224104162
224103912
224103692
224103501
224103387
224103304
224103245
224103173
224103167
224103148
224103057
224103028
224102836
224102323
224102308
224102229
224101888
224101884
224101550
224101524
224101465
224101455
224101283
224101239
224101067
224101029
224100816
224100545
224100538
224100529
224100458
224100414
224100382
224100356
224100285
224099930
224099682
224099659
224099428
224099237
224099177
224098828
224098535
224098380
224098375
224098336
224098042
224097713
224097703
224097661
224097431
224097430
224097377
224097338
224097301
224097288
224097267
224097198
224097118
224096582
224096166
224096110
224096074
224095970
224095884
224095870
224095381
224095205
224095092
224094966
224094856
224094476
224094014
224094009
224093999
224093916
224093914
224093888
224093478
224093360
224093261
224093218
224092497
224092163
224092125
224092092
224092091
224091985
224091834
224091545
224091402
224091315
224091267
224091152
224091016
224090888
224090551
224090358
224090291
224090278
224090013
224089771
224089393
224088749
224088740
224088611
224088557
224088459
224088083
224087560
224087217
224087215
224087131
224087043
224086880
224086661
224086465
224086423
224086357
224086300
224085992
224085973
224085960
224085852
224085773
224085716
224085592
224085481
224084988
224084849
224084840
224084803
224084781
224084778
224084708
224084663
224084403
224084267
224084239
224084032
224083754
224083411
224083307
224083206
224083127
224083025
224082937
224082539
224082231
224082218
224081940
224081929
224081807
224081771
224081140
224081037
224080933
224080919
224080890
224080862
224080858
224080742
224080603
224080409
224079774
224079730
224079666
224079605
224079517
224079081
224079078
224078951
224078817
224078788
224078682
224078432
224078277
224078224
224078031
224077934
224077901
224077824
224077379
224077324
224077295
224077252
224077195
224077180
224076775
224076512
224076252
224076100
224075974
224075915
224075702
224075545
224075403
224075393
224075380
224075319
224075114
224075104
224074917
224074621
224074464
224074320
224074314
224074231
224074134
224073905
224073889
224073740
224073733
224073714
224073387
224073323
224073222
224072995
224072906
224072862
224072801
224072726
224072659
224072421
224072018
224071986
224071960
224071947
224071816
224071286
224071089
224071046
224070476
224070288
224070196
224069325
224068774
224068637
224068087
224068080
224068052
224067933
224067838
224067826
224067509
224067450
224067131
224066999
224066756
224066747
224066714
224066684
224066674
224065998
224065897
224065877
224065868
224065850
224065786
224065673
224065621
224065475
224065070
224065049
224064862
224064807
224063853
224063380
224063298
224063133
224062986
224062727
224062621
224062613
224062494
224062245
224062167
224062106
224062037
224061818
224061657
224061213
224061198
224061106
224060982
224060901
224060899
224060858
224060483
224060432
224060403
224060353
224060072
224059886
224059733
224059709
224059554
224059302
224059300
224059216
224059098
224059000
224058800
224058718
224058671
224058627
224058570
224058503
224058228
224057798
224057782
224057611
224057439
224057216
224057201
224057107
224056880
224056837
224056435
224056355
224056352
224056313
224056207
224056048
224055795
224055783
224055733
224055705
224055558
224055244
224055153
224054971
224054554
224053908
224053833
224053721
224053571
224053479
224053324
224053280
224053087
224052771
224052620
224052470
224052398
224052257
224052172
224051767
224051643
224051540
224051406
224051378
224051361
224051262
224050919
224050615
224050485
224050126
224050099
224049800
224049640
224049615
224049538
224049532
224049462
224049394
224049217
224049170
224048273
224047934
224047851
224047806
224047459
224047421
224047084
224047052
224046584
224046196
224046072
224045907
224045775
224045484
224045341
224045302
224045270
224045204
224044993
224044887
224044885
224044649
224044504
224044207
224044018
224043824
224043812
224043673
224043584
224043552
224043516
224043117
224043093
224042655
224042510
224042389
224041841
224041749
224041322
224041293
224040578
223864245
223757850
223732225
223721394
223588529
223238677
223224175
223157701
222979910
222947738
222943753
222927913
222913892
222859429
222856004
222850509
222646688
222601271
222473816
222467707
222196832
222031761
221978081
221858362
221692769
221620622
221465412
221417990
221172069
221143941
221087087
221055830
220852566
220699018
220656279
220651024
220603584
220517134
220416453
220309928
220309205
220162152
220086807
220038204
219997104
219859718
219845916
219647921
219645042
219602705
219530497
219489174
219446579
219398057
219145065
218948729
218745150
218712769
218649001
218630613
218598440
218593053
218565742
218563985
218461681
218216506
218112614
218060457
218006638
217916002
217871082
217864785
217790250
217778361
217773288
217709696
217672782
217589104
217450710
217439616
217401793
217348026
217233756
217213556
217091866
216967396
216941504
216863966
216767759
216679668
216642799
216624299
216519210
216443676
216432219
216309788
216145838
216114153
216024575
215872319
215851339
215768985
215702078
215692552
215571114
215537524
215506502
215433121
215412634
215385230
215361047
215318900
215295038
215228245
215157582
215039376
215024272
215013196
214962309
214949240
214930930
214925667
214640768
214591325
214573509
214566756
214558989
214549586
214485255
214371036
214224059
214181125
214089258
213976109
213595140
213512567
213448123
213354005
213191054
213183565
213155895
212863209
212814211
212782888
212670833
212659270
212638791
212634121
212605818
212560746
212332010
212247782
212032451
211988918
211788869
211786115
211743881
211670207
211645523
211616487
211553183
211478471
211471551
211217655
211198831
211106400
211075470
211049678
210532884
210476273
210404372
210321763
210312684
210302201
210258992
209967702
209821275
209766249
209722062
209718719
209707138
209706861
209568838
209390055
209248036
208980766
208787139
208766401
208747405
208699648
208696035
208614600
208482303
208434833
208378295
208357155
208230869
208229315
208204187
208077096
208035292
207998949
207855582
207854699
207762334
207659437
207565146
207427558
207422892
207179013
206921909
206594745
206584725
206518909
206512750
206443352
206439426
206267551
206257017
206038612
205870410
205744233
205706560
205617552
205605081
205534437
205466130
205464168
205297692
205207487
205203708
205193655
205188054
205184105
205034436
204975942
204914559
204858743
204853305
204825827
204745633
204718870
204676637
204642518
204631505
204612420
204602021
204501690
204482251
204466233
204361493
204281862
203551444
203427188
203062305
202904376
202804730
202732601
202631011
202596468
202442411
202376641
202319748
202283347
202252308
202182713
202106782
202014307
201960597
201862726
201815293
201772942
201648650
201619074
201451852
201342394
201244425
200966080
200843755
200832216
200748550
200569637
200517227
200484195
200387185
200228271
200177411
200175870
200155436
200138461
200119853
200094934
200090089
200062637
200048488
200017444
199982317
199968936
199926972
199887085
199879135
199819651
199790235
199680642
199633757
199588479
199479901
199469720
199368201
199319539
199292499
199178268
199109498
198873584
198788867
198632458
198574232
198560024
198541278
198486341
198408852
198405129
198286302
198214042
198147765
197910464
197848437
197841313
197453551
197276815
197186593
197087551
197010507
196974450
196927004
196810824
196672902
196646259
196640800
196620735
196599454
196588068
196566655
196519086
196497438
196451975
196445182
196349019
196336008
196280194
196259390
196248201
196225268
196161640
195977326
195951995
195706549
195703927
195243272
195135292
195077681
194905600
194889830
194764344
194754998
194740768
194721165
194701396
194663639
194551702
194512893
194409012
194351516
194333687
194305693
194284238
194213331
194090067
193923654
193890040
193878921
193760990
193752776
193628789
193555214
193430893
193384207
193353478
193310717
193281610
193186026
193147962
193133245
193028567
193008239
192992815
192899421
192831104
192757409
192747040
192713584
192463019
192421085
192321692
192308157
192306917
192278864
192205738
192190608
192056733
191997959
191985352
191960507
191926938
191805787
191759693
191739097
191691580
191654411
191623020
191620451
191558496
191499975
191491725
191435603
191372392
191266955
191170877
191155478
190609117
190558915
190483547
190350890
190339429
190328194
190302247
190176630
190134392
190064241
190021544
189990705
189985589
189918579
189727743
189636196
189600540
189538240
189495607
189482788
189459875
189450604
189412639
189389118
189339952
189206360
189120259
189115455
188971433
188871168
188781355
188746724
188632112
188616260
188572165
188544556
188470840
188457557
188417940
188408007
188344952
188213865
188176925
188031313
188028070
188016508
187984361
187958697
187952991
187925186
187702666
187655959
187639291
187325520
187279985
187236290
187172371
187026770
186985527
186956279
186785036
186739375
186681399
186489677
186460219
186438026
186428096
186421665
186269924
186224321
186172774
186099177
185970988
185899018
185809019
185795492
185754541
185608840
185523224
185481519
185472204
185279275
185228884
185122453
184963929
184884876
184862967
184858871
184826082
184794904
184502093
184465170
184455197
184431643
184379530
184078999
184032917
184025202
183954708
183926417
183849812
183812617
183728583
183706970
183687628
183621955
183573403
183534378
183514047
183382168
183380079
183319069
183302201
183166517
183132804
183128503
183119129
183053764
183026670
182918336
182859223
182850233
182799557
182504866
182453551
182288769
182250945
182248090
182167643
182125431
182022092
181789594
181725131
181607689
181532149
181478313
181442781
181379647
181297741
181284075
181268526
181259809
181245223
181154771
181022466
180976438
180937526
180916955
180915039
180677351
180670716
180561431
180446176
180418415
180369844
180326786
180320453
180314927
180311813
180267887
180241940
180208558
180073055
180057257
180043543
179989784
179973346
179927533
179893424
179805137
179801837
179764972
179746450
179671671
179663759
179662528
179651955
179632963
179595659
179571546
179511355
179497627
179479390
179293609
179260174
179227428
179133972
178921937
178905372
178905216
178905024
178634787
178598596
178567440
178534020
178522619
178441111
178325173
178207232
178169847
178129720
178036864
178019128
177904334
177763484
177724772
177619894
177596742
177582563
177576252
177547294
177284827
177274204
177257542
176970508
176967027
176949672
176939763
176798450
176535673
176436493
176352085
176327868
176296736
176295013
176268563
176219374
176103130
176024146
175974164
175866970
175833432
175815297
175802769
175793407
175663192
175608735
175529545
175526795
175495943
175422717
175382658
175235316
175081699
175065615
175002140
174927440
174912839
174712400
174687112
174682052
174664102
174637683
174635668
174568588
174492611
174410813
174301284
174264280
174217492
174159941
173954221
173948502
173905544
173885933
173823532
173776775
173727792
173712903
173655484
173651191
173612479
173610993
173569525
173490434
173457859
173399429
173238775
173237016
173170733
173157979
173117947
173079984
173054489
172912449
172899723
172890990
172851182
172803757
172796106
172712665
172705770
172668210
172599212
172357908
172237834
172153895
172024728
172010444
171886915
171841741
171792250
171640514
171605427
171558329
171470682
171393067
171344322
171315693
171304816
171275216
171267078
171243978
171240621
171187608
171181845
171154207
171123070
171102989
171082657
171054897
171032908
170960904
170916943
170870747
170839900
170686325
170637613
170612485
170525457
170430682
170382264
170359183
170241355
170208657
170125555
170096315
170087968
170083183
169974116
169913817
169828353
169763432
169714983
169714810
169595239
169582824
169406455
169390000
169272264
169227328
169140180
169114437
169002347
168993140
168964936
168963234
168946359
168941036
168842119
168837324
168830328
168761269
168736436
168729396
168532432
168498441
168474617
168370752
168361221
168322376
168268500
168240304
168187150
168136817
168085078
168067018
167907417
167877864
167804877
167750644
167692060
167690888
167679580
167525238
167477336
167459669
167430360
167270652
167140371
167059367
167025095
167009468
166936143
166904863
166873972
166789242
166754177
166725596
166643667
166503579
166424978
166353095
166323004
166298913
166291229
166250812
166218010
166203503
166168911
166161267
166151292
166042757
166020494
165921279
165886327
165858401
165762626
165753848
165746510
165551899
165473425
165398803
165327230
165318152
165308923
165143284
165100668
165037941
164897584
164833862
164700429
164666142
164639150
164587578
164494540
164427357
164207875
164207177
164129996
164128374
164112341
163854408
163843295
163802035
163698837
163644024
163626944
163610141
163574707
163496632
163460707
163450571
163246446
163244327
163222763
163143338
163106439
163032575
163021538
162991852
162976229
162936663
162928449
162903363
162898736
162723192
162710163
162705286
162552075
162535321
162530827
162499173
162454296
162399566
162387227
162362870
162288621
162241732
162149897
162149456
162009671
161790678
161774166
161690334
161600305
161516656
161408869
161226124
161037382
161021901
160868289
160837562
160700567
160685934
160668532
160647236
160567002
160528134
160505143
160481614
160479069
160443375
160359283
160310647
160286566
160285656
160210850
160188901
160069598
160025493
159988945
159976812
159920660
159920060
159889096
159818810
159803193
159763226
159645075
159615913
159572499
159407253
159379057
159358839
159151353
158966639
158914987
158900050
158819303
158803873
158747476
158653726
158644303
158608740
158329513
158218581
158203359
158186756
157968572
157927829
157831790
157699285
157625563
157570339
157483953
157314797
157284358
157265249
157207077
157177545
157175170
157108315
157085618
157008237
156988982
156934879
156900164
156712504
156616114
156590445
156520130
156517278
156429587
156307207
156269660
156236390
156180665
156174253
156050915
156017693
155962769
155958002
155957497
155825268
155811798
155778226
155574796
155528490
155520546
155496952
155412633
155275355
155200811
155160768
155114074
155095120
155039701
154988260
154973615
154735941
154730225
154724478
154721770
154704636
154696826
154695477
154653269
154501096
154458738
154429975
154357199
154322178
154298826
154100570
153975275
153852393
153768526
153737353
153707124
153702935
153659334
153614659
153573699
153492815
153486439
153484339
153472288
153384377
153345702
153342811
153322385
153267232
153261714
153198277
153195921
153151899
153041767
153033650
152744615
152690782
152515033
152505029
152466276
152452293
152359431
152225223
152224942
152155038
152153092
152078449
152023826
152013058
151910128
151887720
151724122
151707384
151563274
151523757
151448912
151210178
151195569
151073246
151043312
150947779
150912630
150649077
150571995
150568670
150565803
150544181
150535566
150527069
150518486
150490113
150448748
150363066
150196138
150130850
150057814
150001530
149999113
149974670
149961444
149923098
149916722
149888195
149781303
149747495
149696194
149687995
149681929
149673350
149651826
149623925
149524705
149431371
149391992
149216558
149195972
149119084
149109569
149101496
149058624
148859038
148834678
148641467
148540583
148512998
148499330
148422721
148403845
148345064
148258019
148243467
148172473
147729430
147692778
147678309
147617263
147586732
147585907
147552467
147382919
147381921
147346293
147222818
147184203
147156235
147082384
147045043
146982789
146915194
146847162
146767606
146762281
146721323
146694483
146646449
146616709
146564892
146562301
146512576
146370017
146121112
146110518
146036226
146033087
146029792
145978548
145773744
145653542
145348325
145346160
145228141
145183483
145095895
145042960
144962226
144914985
144758720
144744012
144626142
144474944
144226383
144092942
143909916
143750649
143718062
143642092
143604626
143490732
143400266
143383583
143369756
143314459
143312681
143311863
143059822
143028050
142959837
142815732
142806727
142741707
142682192
142662533
142656113
142616736
142615882
142591809
142515272
142444248
142362876
142297524
142231850
142134847
142076999
142069791
142046033
142033772
141984026
141967009
141945757
141887364
141879402
141779780
141724011
141702490
141677430
141640317
141525802
141496798
141467379
141404380
141396846
141315623
141291765
141114813
140890115
140779948
140533372
140454919
140433969
140365804
140333110
140305046
140163740
140160714
140112097
140031108
139897719
139862285
139835730
139799445
139485896
139424918
139316754
139297884
139277762
139268745
139208028
138980835
138921764
138920906
138914058
138864204
138829205
138796987
138758582
138697253
138404445
138373655
138284611
138176231
138167740
138136143
138133174
137948920
137842525
137807631
137780131
137743417
137679936
137629238
137413895
137336207
137299420
136982492
136947624
136850583
136797423
136643619
136590664
136582273
136545568
136504215
136305523
136294186
136255739
136230994
136113260
136081799
135962756
135953611
135785513
135720548
135627815
135406675
135360299
135293331
135273848
135098219
134962288
134794601
134759735
134741299
134735757
134503458
134425916
134308992
134262244
134203788
134035691
133847756
133842477
133838950
133799763
133655254
133606750
133495223
133480570
133346630
133258107
133251322
133246629
133196560
133144087
133141855
133131458
133086314
133005107
132985636
132948294
132945741
132926146
132872209
132843633
132779015
132548644
132310916
132191343
132069119
131980921
131937675
131835073
131800020
131783796
131735235
131733694
131635144
131588725
131431637
131394104
131375300
131358008
131217899
130866812
130780349
130596200
130464922
130427782
130304874
130303176
130266892
130118195
130116970
130042923
129846708
129741509
129488959
129472352
129408457
129381011
129373718
129150521
129108095
129044104
129038212
129022520
128979328
128893762
128737469
128705498
128627860
128498380
128404209
128351982
128343377
128290989
128218083
128172520
128156632
128088064
127960966
127938164
127911554
127856419
127848388
127674337
127460762
127390735
127365717
127292668
127208100
127207398
127156783
127149875
126924005
126894191
126853650
126847364
126829753
126745214
126729334
126700699
126652794
126608653
126542861
126492694
126452207
126404248
126387598
126357163
126353699
126169861
126159121
126155409
125962157
125881687
125821957
125791958
125761634
125694584
125661027
125592828
125572659
125553656
125532619
125492200
125487129
125421186
125410466
125126228
125071545
125004251
124986085
124840347
124742808
124738100
124689568
124665484
124644524
124483163
124398514
124384407
124342782
124330601
124318615
124245277
124216573
124183053
124077670
123814794
123706221
123437579
123398936
123176934
123155604
123066141
123003917
122844255
122759970
122652939
122600993
122510555
122409169
122378493
122316202
122307629
122207077
122136193
122124056
121997873
121962905
121942207
121747674
121718783
121714634
121691901
121657415
121656175
121653670
121635043
121606804
121570370
121507404
121424702
121382378
121346829
121267914
121200473
121186373
121161767
121146932
121104699
121071690
121036370
120977732
120937234
120932976
120916878
120778313
120676919
120543526
120268631
120263135
120198928
120151467
120143542
120086180
120061263
119999199
119866841
119691390
119466888
119267768
119134181
119017719
118944030
118844673
118830557
118726751
118711096
118629183
118458532
118124224
117997146
117949038
117927158
117880940
117848242
117787274
117677145
117498540
117391696
117367986
117255225
117153734
117010040
116961078
116751017
116693520
116585479
116526254
116505251
116456505
116343830
116340010
116324559
116208389
116178567
116051681
115874153
115813906
115756494
115408031
115396092
115323917
115306276
115253345
115242131
115152297
115101390
114926936
114892950
114802127
114777111
114611323
114606964
114606038
114547239
114423318
114278132
114270483
114113371
114025772
113874611
113827792
113752998
113742288
113650417
113614417
113578211
113393079
113341243
113245522
113182672
113092992
112860091
112658791
112651304
112529658
112515873
112514297
112377177
112233626
112093803
111960418
111906451
111895620
111804741
111719328
111698184
111685509
111676865
111665947
111626145
111445971
111398563
111372725
111345472
111314116
111309446
111290233
111272260
111222491
111221873
111202556
111117186
111098505
111041259
111011765
110857700
110854530
110852329
110765352
110678436
110667909
110540290
110538808
110479691
110323423
110313909
110288279
110228523
110179551
110170753
110066188
110044258
109979569
109954808
109929934
109901386
109879113
109860770
109804099
109764066
109755427
109701927
109593937
109541423
109411431
109368276
109252408
109195378
109169604
109015612
108966999
108921120
108726210
108654073
108519983
108471899
108454461
108324216
108304240
108200464
108106143
108020596
107975693
107938858
107921871
107903223
107842304
107622134
107606280
107508004
107443118
107398880
107369042
107112348
107070975
106949013
106945681
106846583
106768558
106650451
106597162
106567920
106560652
106519637
106462431
106291781
106232015
106134439
106111008
106034679
105975442
105838847
105789022
105740489
105457571
105456584
105445977
105252964
105160540
105136994
105044402
105019659
104954002
104938590
104858657
104837459
104812223
104747232
104667679
104647000
104633795
104517785
104075344
103931017
103811262
103764516
103703611
103642364
103633570
103624603
103621223
103601822
103495412
103458464
103274316
103161224
103112004
103092197
103079838
103041898
103013149
102951305
102801882
102688956
102673532
102551507
102541672
102531226
102523227
102503520
102311378
102296698
102285190
102253957
102243249
102109812
101919615
101857942
101783941
101704134
101668394
101562589
101553237
101399084
101218831
101215518
101215342
101154227
100978080
100957044
100871061
100598031
100574335
100319703
100220013
100175120
100166620
100059256
100048946
100026303
99984716
99968706
99963418
99945232
99888244
99843191
99764244
99729679
99644327
99635479
99593991
99536494
99522303
99514889
99429429
99319410
99259785
99198359
99156550
99085881
99023302
98913572
98862977
98696030
98623580
98603156
98094598
97964307
97890974
97673861
97673077
97627645
97582548
97558825
97548561
97446739
97364813
97284876
97216214
97189824
97185344
97150641
97141375
97020755
97018044
96955729
96920083
96723147
96673799
96483282
96481120
96473911
96225103
96217503
96132451
96102263
96030972
95996982
95995738
95943480
95858337
95767566
95680610
95637721
95507207
95466674
95459018
95352473
95334497
95276572
95198697
95154853
94854564
94852571
94836831
94813221
94354314
94156279
94107438
94071391
93817263
93812399
93795367
93728496
93715132
93428433
93385718
93370027
93223766
93152189
93118300
93039033
92954556
92949153
92901356
92898371
92844320
92820148
92798879
92711079
92577546
92535356
92520246
92437007
92436365
92387557
92295191
92286735
92256839
92217617
92180218
92102246
91939055
91906330
91882838
91842234
91801189
91769713
91702423
91687555
91676205
91468903
91347684
91231273
91228403
91123345
91075381
91051126
91026041
90926924
90862081
90706721
90704000
90615215
90607579
90574298
90564328
90520814
90497831
90393038
90351282
90291100
90126144
90081881
90032582
89958217
89925657
89830318
89689653
89611358
89501938
89466009
89391286
89375206
89349321
89339182
89293220
89101648
89040756
88987170
88893962
88873179
88693571
88674250
88573108
88540710
88374141
88067353
88055573
87904369
87808551
87780431
87684483
87514734
87493916
87394881
87322750
87308376
87295226
87005968
86988982
86885070
86860665
86835351
86777940
86754186
86740957
86700327
86659964
86559519
86383169
86349101
86232917
86223983
86194765
86176368
85995218
85962948
85849116
85837069
85799736
85732594
85688240
85574077
85573791
85410369
85373007
85354362
85198788
85194740
85036893
84958734
84939445
84882097
84720194
84712176
84636813
84612254
84508547
84462024
84432875
84424121
84202569
84083445
84058994
84029564
84028915
84019834
83937087
83920764
83903138
83901749
83882418
83771980
83641328
83641120
83626893
83569867
83282190
83278345
83269401
83112252
83095109
83004077
82787676
82579857
82525492
82421452
82228499
82179208
82174258
81761497
81760517
81712094
81695880
81562509
81554005
81522175
81513692
81464482
81359115
81283596
81229727
81191780
81171444
81030471
80910130
80752664
80690568
80625351
80622647
80334630
80316036
80156220
80150807
80149715
80088399
80040606
80038305
79981726
79903411
79889812
79815683
79616619
79592377
79591632
79562692
79515307
79239629
79082308
79075268
79069438
79031851
79019622
78987674
78893855
78576690
78549322
78540984
78514382
78427114
78338689
78229452
78170722
78153194
78046424
78022435
77842218
77809499
77726377
77713772
77643616
77638943
77573419
77497991
77428105
77397267
77313375
77249989
77203879
77171058
77092842
77044596
77043927
77015379
76948892
76910895
76734227
76545116
76465447
76462315
76431123
76372436
76110697
76068870
75991768
75781879
75681421
75616119
75517348
75425351
75280297
74985606
74984146
74774896
74756287
74643628
74526460
74459901
74413605
74403456
74396277
74375784
74194011
74128902
74115494
73984595
73803413
73698143
73677560
73642063
73628688
73525673
73444209
73369959
73345273
73040159
72945575
72928391
72865127
72840695
72634027
72631026
72626329
72457862
72390369
72236627
71963471
71898446
71716549
71681854
71574957
71520732
71407168
71342114
71339482
71156547
71126911
71118578
71030041
70888873
70829306
70700053
70596858
70560148
70207788
70044781
69786283
69707839
69678935
69634556
69592670
69534942
69490847
69297335
69272279
69119713
69083257
68957265
68953715
68757761
68667858
68664700
68652409
68490273
68487497
68418138
68276228
68143687
68067365
68015024
67923567
67812247
67805920
67613248
67298832
67228490
67153910
67104052
67024870
67019887
66972742
66955530
66859490
66809515
66809450
66722285
66633642
66536882
66436283
66069772
66064164
66022742
65962776
65946619
65840731
65806009
65677807
65673149
65420782
65389645
65370273
65364410
65341514
65312194
65200519
64939573
64797503
64750144
64590530
64081771
63991571
63979098
63906193
63817037
63718483
63658597
63652535
63566645
63352546
63117534
63114997
63114226
63054631
63021325
62902964
62856007
62825375
62751617
62646973
62585392
62510533
62437151
62421089
62391011
62376591
62361328
62340420
62212883
62183077
62134819
61997663
61910579
61878648
61801373
61708960
61553597
61485952
61439571
61354676
60988048
60939904
60898374
60731895
60622195
60547404
60407787
60359137
60158885
60100103
59934789
59862493
59845065
59768557
59737759
59697161
59697028
59606787
59372574
59359378
59341094
59323914
59315460
59202464
59114340
59023890
58993997
58982594
58900056
58685660
58521112
58424582
58316365
58296610
58227912
58151522
57794464
57774711
57685702
57621066
57467875
57465429
57402004
57301793
57298072
57119366
56788884
56728412
56655362
56641026
56593503
56565837
56551322
56550343
56520720
56512637
56477177
56441073
56421725
56415853
56294821
56152120
56101240
56088038
56083972
56019098
55982036
55951593
55927828
55820490
55800535
55793388
55778757
55684902
55581380
55564711
55560914
55509883
55324141
55322050
55316876
55286997
55234323
55228614
55202458
55148990
55100185
55044680
55032786
55008538
54991831
54888098
54839785
54824964
54757031
54725937
54704821
54683188
54597918
54541021
54540581
54298902
54240021
54083223
54017797
53840470
53831490
53731103
53631583
53626344
53609420
53456564
53391564
53282522
53272310
53269355
53170503
53107850
52857022
52817843
52771266
52763359
52729077
52453786
52443069
52287503
52262470
52260995
52257822
52200615
52089078
51995295
51805908
51735109
51687100
51554627
51516433
51490671
51433568
51079393
50929007
50901427
50769740
50730892
50653420
50619998
50601651
50530881
50486573
50477500
50466452
50445215
50219998
50128808
50124880
50101782
50094359
50069613
50061464
50001254
49985690
49904330
49869811
49853892
49725672
49535733
49377282
49344993
49335227
49321734
49311450
49242605
49123431
49094828
49076655
48795207
48620258
48548950
48520053
48429129
48336161
48305905
48289138
48186862
47987645
47963135
47926069
47915169
47910664
47806481
47782906
47759771
47680838
47676207
47628496
47390771
47364852
47354742
47252630
47239462
47226128
47143062
47111976
47097843
46948948
46910928
46837179
46732533
46725798
46678154
46575252
46429255
46371825
46357299
46347389
46284655
46203570
46166895
46157121
46141477
46136737
46113375
46103637
46099229
46042034
45975525
45889965
45871002
45624612
45618857
45512521
45436379
45398881
45381320
45247540
45112265
45095197
45059747
44956819
44900512
44631169
44615442
44563951
44262195
44255754
44237306
44207010
44183465
44090060
44082265
44069682
43965201
43958846
43908848
43904229
43897827
43838235
43819244
43804012
43800122
43725472
43687850
43587688
43523391
43494324
43482162
43360623
43324762
43216245
43194703
43176641
43123837
43091449
43049126
43009012
42950181
42940760
42833756
42741731
42735015
42657853
42560676
42168254
42017537
41976097
41950465
41881213
41808901
41697788
41655044
41619670
41516134
41503913
41470763
41331550
41329067
41230321
41115101
41081403
41051295
40797367
40690692
40659526
40623932
40611972
40611444
40535301
40494805
40479054
40443054
40137300
40105161
40101987
40082082
39987322
39941183
39774004
39749322
39680036
39443038
39435262
39236608
39157924
39085847
39064935
39026053
39016819
38932155
38910893
38906617
38806332
38688382
38662974
38657362
38602083
38570525
38504311
38497163
38473890
38163917
38143006
38085508
38017182
37980217
37945229
37840717
37839415
37815451
37764636
37680340
37551129
37500847
37446577
37430234
37403415
37284991
37251621
37207305
37069840
37050281
36991238
36854215
36790121
36756121
36714293
36636644
36593871
36570401
36443460
36328713
36267219
36252942
36182721
36135312
36050282
35983126
35821928
35811357
35696833
35683586
35479458
35359066
35271940
35178018
35170346
34995824
34957449
34452651
34436095
34361986
34338733
34309428
34271636
34169895
34110333
34102713
34058421
34017195
33956261
33914756
33909041
33897011
33815257
33719684
33699692
33699553
33535613
33372444
33365130
33342220
33338412
33282658
33253022
33234670
33033351
33028947
32984705
32953366
32940792
32914959
32870012
32806024
32736931
32735382
32554129
32525318
32329774
32257047
32255499
32236547
32192664
32187980
31906362
31896815
31746252
31734762
31678162
31582271
31504169
31493798
31492000
31448690
31390996
31358711
31193711
31187502
31180722
31155616
31076548
30966766
30960571
30954582
30950490
30923489
30878190
30872942
30834767
30723302
30603809
30505107
30471490
30423988
30359650
30332591
30253598
30232900
30071843
30010515
30003146
29995961
29979245
29971519
29917149
29854625
29836979
29767063
29633159
29472455
29444609
29321251
29270005
29142743
29123654
29114919
29086053
28801434
28798706
28788535
28704303
28634496
28606626
28570828
28552262
28515626
28468417
28464015
28386627
28214394
28162120
28129312
28031146
28023991
27993530
27987447
27942777
27824789
27818074
27797607
27794604
27777802
27738925
27673646
27643878
27632300
27523677
27519218
27514200
27481808
27466657
27447108
27386720
27356052
27296038
27208040
27158917
27138301
27114552
27104165
27008613
26867993
26820448
26765731
26699490
26645272
26569330
26567084
26523189
26452204
26411459
26339529
26318837
26142555
25990704
25809105
25789474
25628113
25619369
25585572
25513726
25487717
25314088
25186278
25159301
25152840
25141526
25126776
25078509
24833402
24779096
24662185
24551324
24526464
24521716
24394181
24392525
24371379
24360569
24244718
24132615
23890685
23761614
23652148
23620188
23488550
23369569
23278662
23204866
23193262
22971659
22924841
22794406
22772018
22646330
22575357
22509186
22460893
22397649
22231860
22136143
22051873
22011666
21991324
21969258
21886536
21885409
21876552
21768973
21747203
21674941
21646318
21543929
21537179
21488243
21454737
21350492
21337217
21329433
21259679
21232322
21152831
21120759
20994601
20878088
20874022
20836734
20519838
20281063
20089313
19966717
19811719
19779938
19727844
19716220
19662111
19546412
19533206
19501805
19444855
19440959
19406515
19386804
19326829
19260577
19217441
18966603
18941980
18929684
18878986
18797478
18599510
18535626
18460021
18271613
18210730
18170387
18141265
18061088
18059749
18016877
17971921
17964742
17962958
17956160
17938803
17933129
17920095
17901845
17831575
17724790
17467661
17323132
17200537
17177471
17091751
17090457
17042442
16953326
16941144
16907768
16899505
16783189
16736593
16564908
16536059
16505161
16459490
16424671
16355581
16238685
16146896
16121370
16109724
16095062
16074770
16065345
16062531
16028595
16027666
15854591
15572108
15543318
15498128
15446614
15357554
15176064
15126367
15068493
15037274
15035226
14847287
14845910
14722779
14708883
14445833
14335864
14181616
14060408
14022307
14013635
13992140
13952788
13889645
13853021
13793389
13699912
13658713
13630814
13613061
13557981
13546235
13498818
13443895
13371004
13367354
13355633
13336493
13308118
13296192
13281224
13195491
13154603
13100872
13080704
13060219
13038312
12944376
12872541
12858173
12830701
12816244
12792976
12774001
12770707
12740341
12730787
12544088
12512530
12457533
12427568
12423239
12270797
12159132
12124878
12072174
12064366
12056473
11873922
11772587
11643362
11591884
11581757
11303562
11298524
11286611
11280053
11259709
11219596
11171705
11153550
11139889
11058634
10950038
10929068
10893558
10823920
10813252
10762381
10721474
10672694
10611494
10555943
10442369
10311162
10233631
10216359
10195101
9822242
9806149
9804259
9752354
9644737
9590271
9588243
9572546
9505121
9496013
9482321
9435536
9388721
9027392
9007250
9005392
8696769
8546851
8525030
8437106
8367285
8342304
8267360
8232715
8190790
8158445
8104956
8102489
7936802
7909939
7880289
7839330
7717584
7713865
7536834
7526338
7514776
7497869
7411366
7398015
7321687
7290546
7224209
7209373
6829135
6821155
6807942
6754804
6691411
6668832
6601376
6597792
6593215
6470888
6351717
6305469
6257840
6236079
6029326
5894889
5856828
5753637
5745502
5661030
5637847
5606929
5526160
5455041
5449126
5447899
5418027
5392862
5372744
5278476
5164981
5144407
5136209
5131796
4973809
4890346
4886689
4869570
4823161
4808916
4778652
4768232
4750815
4632126
4629845
4603420
4221279
4149755
3986021
3859255
3821336
3814929
3666153
3644162
3559160
3550042
3514801
3510647
3475892
3342575
3224826
3149759
3107153
3054206
3043294
2878080
2799899
2753178
2580511
2556610
2457322
2450507
2398999
2372286
2318641
2219273
2213137
2199616
2191483
2191073
2094796
2076674
2035219
2019381
1909775
1885183
1876799
1791533
1734510
1708758
1508370
1465931
1458394
1387605
1239624
1238724
1238684
1238608
1238574
1238464
1238287
1238284
1238073
1238065
1237950
1237840
1237384
1237344
1237280
1237240
1237223
1236969
1236954
1236175
1236073
1235775
1235372
1235363
1235291
1235210
1234861
1234578
1234577
1234490
1234415
1234380
1234342
1234304
1234199
1234069
1233945
1233895
1233825
1233708
1233550
1233467
1233162
1233153
1232944
1232886
1232862
1232848
1232504
1232428
1232252
1232247
1232211
1232193
1232159
1231427
1231425
1231194
1231142
1230610
1230604
1230362
1230061
1230036
1229798
1229525
1229238
1229147
1229045
1229009
1228963
1228916
1228867
1228723
1228692
1228517
1228433
1228286
1228072
1228011
1228008
1227852
1227824
1227718
1227452
1227410
1227347
1226810
1226803
1226640
1226622
1226487
1226396
1226083
1225976
1225818
1225455
1225151
1224964
1224944
1224925
1224828
1224693
1224659
1224385
1223988
1223629
1223624
1223376
1223369
1223363
1223307
1223110
1222829
1222740
1222303
1222273
1222090
1222033
1221743
1221730
1221619
1221593
1221389
1221335
1221111
1220978
1220886
1220872
1220774
1220727
1220705
1220439
1220314
1220202
1220089
1220072
1219658
1219581
1219443
1219407
1219386
1219302
1219269
1219230
1218941
1218877
1218797
1218683
1218669
1218130
1217846
1217703
1216796
1216564
1216417
1216337
1216317
1216295
1216145
1216081
1216076
1215471
1215468
1215331
1215322
1215208
1214874
1214799
1214550
1214406
1214384
1213574
1213433
1213134
1213072
1212549
1210762
1209545
1209417
1209207
1208816
1208796
1208605
1208556
1208544
1208542
1208528
1208277
1208136
1208126
1208116
1208071
1208013
1207857
1207752
1207662
1207506
1207116
1207026
1206993
1206690
1206294
1206252
1206241
1206121
1205773
1205449
1205402
1205388
1205379
1205368
1205327
1205279
1205246
1205159
1205118
1205059
1205022
1204940
1204924
1204921
1204915
1204848
1204529
1204373
1204301
1204095
1203676
1203592
1203558
1203447
1202728
1202717
1202246
1201882
1201784
1201417
1201024
1201004
1200483
1199561
1198053
1197829
1197817
1197732
1197671
1197493
1197389
1197363
1197248
1197047
1197013
1196918
1196915
1196780
1196657
1196358
1196334
1196028
1195943
1195872
1195308
1195098
1194955
1194940
1194897
1194795
1194657
1194277
1194030
1193908
1193874
1193863
1193614
1193347
1193326
1193123
1193083
1192796
1192782
1192679
1192588
1192563
1192446
1192399
1192379
1192203
1192175
1191831
1191771
1191656
1191166
1191107
1191064
1190683
1190531
1190352
1190000
1189990
1189865
1189802
1189565
1189358
1189315
1189224
1189066
1188724
1188377
1187790
1187756
1187573
1187541
1187339
1187323
1187315
1187196
1187086
1187006
1186721
1186717
1186469
1186226
1185878
1185591
1185444
1185434
1185315
1185313
1184833
1184731
1184681
1184653
1184047
1183677
1183592
1183475
1183287
1183019
1182762
1182636
1182364
1182247
1182151
1182100
1182071
1181896
1181629
1181466
1181446
1181254
1180883
1180862
1180790
1180641
1180617
1180615
1180482
1180308
1180232
1180172
1179990
1179924
1179868
1179217
1179174
1179055
1179051
1178816
1178624
1178617
1178614
1178579
1178519
1178456
1178415
1178396
1178352
1178166
1178102
1178099
1178088
1177901
1177609
1177578
1177342
1177087
1177067
1176484
1176360
1176343
1176305
1176183
1175686
1175666
1175635
1175631
1175462
1175423
1175258
1175246
1175238
1175236
1174800
1174689
1174663
1174545
1174515
1174484
1174465
1174375
1174307
1174243
1174172
1173937
1173803
1173775
1173751
1173704
1173587
1173295
1173262
1173245
1173004
1172921
1172796
1172729
1172597
1172358
1172288
1172062
1171992
1171414
1171340
1171084
1170887
1170647
1170628
1170609
1170035
1169884
1169743
1169733
1169531
1169472
1169422
1169278
1169268
1169116
1168966
1168832
1168598
1168435
1168335
1168251
1168222
1168200
1168136
1168025
1168008
1167395
1167393
1167297
1167030
1166805
1166766
1166518
1166472
1166470
1166434
1166305
1166261
1166007
1165771
1165438
1165103
1165082
1165019
1164959
1164884
1164872
1164852
1164833
1164578
1164480
1164369
1164213
1164151
1164085
1164020
1163967
1163889
1163851
1163836
1163835
1163732
1163663
1163647
1163644
1163547
1163515
1163401
1163389
1162989
1162790
1162746
1162636
1162599
1162425
1162323
1161849
1161623
1161434
1161339
1161184
1161149
1161037
1160925
1160758
1160711
1160453
1160129
1160075
1160048
1160018
1160006
1159993
1159615
1159502
1159401
1159390
1159320
1159250
1159220
1159161
1158884
1158700
1158684
1158535
1158474
1157426
1157416
1157027
1156217
1156129
1156071
1155615
1155545
1155442
1155362
1155353
1155328
1155265
1155192
1155175
1155072
1155035
1154404
1154381
1154280
1154257
1154035
1153792
1153757
1153565
1153471
1152549
1152434
1152112
1152111
1152096
1152012
1151972
1151942
1151791
1151733
1151689
1151555
1151092
1150523
1150399
1150367
1150268
1150062
1150048
1150004
1149959
1149790
1149766
1149761
1149712
1149528
1149525
1149506
1149422
1149331
1149257
1149247
1149117
1149104
1149005
1148896
1148826
1148819
1148623
1148370
1148292
1148000
1147861
1147833
1147617
1147558
1147355
1146877
1146800
1146565
1146532
1146194
1146102
1146036
1146025
1146023
1146017
1145987
1145898
1145845
1145770
1145515
1145483
1145234
1145068
1145059
1144965
1144957
1144829
1144799
1144456
1144312
1144031
1143963
1143950
1143907
1143881
1143828
1143764
1143709
1143667
1143647
1143581
1143433
1143269
1143244
1143157
1142591
1142148
1142051
1141997
1141876
1141596
1141371
1141234
1141191
1141186
1140859
1140563
1140380
1140314
1140231
1140179
1140101
1139979
1139562
1138945
1138916
1138855
1138716
1138592
1138404
1138327
1138119
1137654
1137280
1137236
1137022
1136233
1136061
1135708
1135484
1135430
1135407
1135124
1134805
1134621
1134513
1134333
1133986
1133974
1133918
1133666
1133472
1133423
1132814
1132783
1132528
1132466
1132241
1131889
1131820
1131718
1131666
1131616
1131549
1131207
1131150
1131061
1131058
1130958
1130851
1130812
1130441
1130388
1130387
1130351
1130319
1130213
1130192
1130086
1130027
1129844
1129765
1129651
1129611
1129502
1129338
1129219
1129135
1128978
1128681
1128396
1128333
1128277
1128239
1128068
1128047
1127887
1127792
1127723
1127384
1127283
1126614
1126589
1126560
1126553
1126502
1126476
1126464
1126453
1126412
1126299
1126167
1125557
1125474
1125406
1125348
1125277
1125163
1125084
1124977
1124960
1124776
1124721
1124692
1124613
1124566
1124267
1124240
1124035
1123971
1123901
1123807
1123734
1123663
1123628
1123176
1123172
1122734
1122671
1122565
1122365
1122352
1122091
1122073
1121949
1121935
1121891
1121729
1121717
1121675
1121661
1121485
1121406
1121392
1121324
1121235
1121208
1120982
1120942
1120940
1120926
1120888
1120873
1120842
1120837
1120822
1120805
1120782
1120570
1120501
1120493
1120420
1120365
1119978
1119953
1119927
1119686
1119531
1119452
1119136
1119030
1118972
1118760
1118509
1118440
1118081
1118072
1117494
1117420
1117391
1117277
1117219
1117205
1116980
1116803
1116664
1116614
1116582
1116469
1116369
1116254
1116132
1116057
1116011
1115890
1115869
1115810
1115809
1115806
1115769
1115676
1115674
1115584
1115488
1115486
1115298
1115274
1115270
1115247
1115221
1115135
1114939
1114691
1114653
1114560
1114499
1114158
1114096
1114090
1114059
1113909
1113832
1113750
1113730
1113635
1113339
1113083
1113015
1112757
1112697
1112627
1112529
1112428
1112392
1112233
1112151
1111987
1111967
1111861
1111824
1111802
1111724
1111720
1111623
1111502
1111419
1111326
1111312
1111209
1111193
1111192
1111141
1111090
1111082
1111066
1111044
1110770
1110677
1110624
1110513
1110379
1110378
1110366
1110356
1110353
1110286
1110190
1110107
1109965
1109932
1109773
1109748
1109658
1109627
1109575
1109477
1109401
1109306
1109082
1109063
1109030
1108637
1108241
1107968
1107894
1107361
1107267
1107204
1107098
1106965
1106921
1106886
1106828
1106454
1106333
1106310
1106258
1106202
1106196
1106152
1105999
1105883
1105878
1105847
1105708
1105704
1105692
1105689
1105536
1105342
1105313
1105073
1105030
1105018
1104984
1104941
1104842
1104715
1104579
1104302
1104189
1104143
1104096
1103968
1103851
1103725
1103495
1103464
1103414
1103294
1102207
1102048
1101929
1101924
1101752
1101494
1101358
1101207
1101201
1101157
1101054
1100934
1100888
1100743
1100508
1100496
1100452
1100326
1100296
1100239
1100098
1100007
1099839
1099517
1099309
1099297
1099159
1099033
1098965
1098850
1098457
1098308
1098109
1098015
1097785
1097759
1097609
1097443
1097283
1097256
1097228
1097188
1097168
1097109
1096954
1096871
1096639
1096516
1096445
1096374
1096061
1096049
1095985
1095788
1095765
1095739
1095709
1095670
1095571
1095266
1095072
1094593
1094495
1094415
1094151
1093940
1093936
1093913
1093909
1093794
1093577
1093459
1093226
1093158
1093100
1093062
1093002
1092981
1092919
1092895
1092893
1092761
1092670
1092653
1092617
1092604
1092478
1092375
1091890
1091873
1091858
1091692
1091214
1090954
1090909
1090423
1090364
1090338
1090264
1090079
1090040
1089974
1089847
1089773
1089610
1089315
1089086
1088925
1088499
1088199
1087946
1087854
1087637
1087607
1087369
1086890
1086777
1086713
1086604
1086549
1086540
1086431
1086413
1086214
1086190
1086149
1085941
1085772
1085693
1085669
1085461
1085457
1085417
1085370
1085326
1085271
1085217
1085190
1085059
1084947
1084804
1084736
1084712
1084696
1084692
1084653
1084613
1084567
1084535
1084517
1084508
1084493
1084475
1084393
1084334
1084127
1083992
1083862
1083655
1083600
1083320
1083316
1083281
1083089
1083048
1082968
1082928
1082892
1082873
1082785
1082754
1082648
1082606
1082512
1082455
1082336
1082269
1082185
1081908
1081905
1081872
1081815
1081740
1081677
1081673
1081564
1081535
1081502
1081496
1081419
1081418
1081281
1081168
1080646
1080474
1080174
1079164
1079146
1079039
1078940
1078926
1078772
1078652
1078632
1078590
1078363
1078261
1078110
1077875
1077755
1077741
1077704
1077605
1077564
1077359
1077293
1077266
1077037
1077027
1076905
1076642
1076617
1076608
1076578
1076505
1076460
1076276
1076204
1076085
1076058
1076040
1076033
1075943
1075936
1075882
1075817
1075777
1075765
1075666
1075599
1075566
1075284
1075201
1074969
1074891
1074886
1074736
1074597
1074507
1074413
1074405
1074309
1074281
1074123
1074110
1074059
1074008
1073934
1073775
1073753
1073695
1073625
1073605
1073597
1073595
1073536
1073498
1073462
1073410
1073370
1073066
1073037
1073012
1072904
1072851
1072786
1072754
1072705
1072583
1072422
1072393
1072375
1072309
1072133
1072071
1072060
1072033
1071894
1071893
1071830
1071642
1071560
1071489
1071333
1070602
1070596
1070540
1070442
1070231
1070035
1069918
1069899
1069814
1069589
1069579
1069423
1069366
1069336
1069187
1069173
1069076
1068836
1068832
1068798
1068466
1068409
1068378
1068288
1068285
1068163
1068075
1068062
1068005
1067994
1067874
1067754
1067731
1067700
1067611
1067604
1067591
1067575
1067491
1067486
1067323
1067217
1066969
1066736
1066575
1066540
1066455
1066244
1065731
1065661
1065616
1065465
1065458
1065412
1065370
1065369
1065366
1065359
1065263
1065198
1065182
1065158
1065126
1065045
1064998
1064849
1064743
1064558
1064399
1064369
1064358
1064334
1064194
1064047
1063928
1063825
1063727
1063672
1063648
1063610
1063208
1063192
1063154
1063022
1062941
1062807
1062802
1062775
1062596
1062573
1062365
1062196
1061988
1061781
1061711
1061533
1061528
1061434
1061350
1061321
1061315
1061250
1061216
1061196
1061074
1061025
1060798
1060634
1060533
1060417
1060371
1060294
1060289
1060114
1060079
1060070
1060028
1060013
1059962
1059903
1059889
1059886
1059807
1059745
1059715
1059508
1059500
1059483
1059305
1059235
1059093
1059054
1059048
1059037
1058910
1058701
1058692
1058573
1058566
1058470
1058418
1058288
1058284
1058167
1058158
1057605
1057243
1057211
1057190
1056968
1056706
1056693
1056692
1056551
1056550
1056549
1056431
1056240
1056099
1056006
1055951
1055949
1055868
1055831
1055803
1055521
1055516
1055477
1055315
1055245
1055217
1055149
1055137
1055003
1054992
1054958
1054944
1054918
1054909
1054726
1054583
1054508
1054473
1054460
1054445
1054259
1054167
1053864
1053750
1053439
1053066
1052994
1052930
1052913
1052884
1052763
1052666
1052380
1052016
1051995
1051869
1051850
1051767
1051719
1051470
1051387
1051384
1051238
1051096
1051077
1051072
1051011
1050993
1050991
1050961
1050934
1050915
1050908
1050660
1050636
1050482
1050392
1050016
1049953
1049855
1049779
1049750
1049731
1049470
1049460
1049082
1048927
1048921
1048919
1048848
1048822
1048638
1048631
1048585
1048399
1048249
1048208
1048163
1048113
1047866
1047732
1047687
1047612
1047588
1047578
1047546
1047528
1047464
1047266
1047054
1047010
1046945
1046943
1046855
1046831
1046406
1046362
1045559
1045522
1045433
1045332
1045258
1045218
1045208
1045144
1044951
1044901
1044783
1044773
1044747
1044649
1044587
1044331
1044295
1044294
1044291
1044205
1044168
1044113
1044047
1043935
1043862
1043795
1043678
1043658
1042968
1042965
1042960
1042840
1042805
1042730
1042726
1042692
1042610
1042594
1042592
1042516
1042195
1042135
1042067
1042011
1042004
1041680
1041579
1041554
1041412
1041286
1041044
1040844
1040683
1040653
1040648
1040610
1040474
1040433
1040416
1040279
1040264
1040258
1040214
1040193
1040148
1040125
1040117
1040032
1039997
1039995
1039956
1039944
1039805
1039740
1039721
1039661
1039607
1039605
1039597
1039542
1039466
1039465
1039366
1039151
1038866
1038792
1038652
1038275
1038256
1038222
1038200
1038137
1038109
1037212
1037170
1037163
1037116
1037054
1036988
1036946
1036943
1036870
1036794
1036776
1036772
1036616
1036565
1036486
1036374
1036288
1036241
1036150
1035912
1035743
1035575
1035505
1035232
1035088
1034932
1034848
1034719
1034596
1034373
1033925
1033913
1033726
1033712
1033690
1033627
1033524
1033487
1033427
1033360
1033350
1033242
1033186
1033146
1033138
1033086
1032778
1032711
1032658
1032474
1032329
1032322
1032299
1032035
1031816
1031646
1031451
1031361
1031319
1031301
1031119
1031099
1031056
1030800
1030532
1030482
1030169
1030025
1029987
1029940
1029903
1029882
1029695
1029590
1029513
1029355
1029160
1029149
1029138
1029126
1029068
1029027
1029020
1028902
1028864
1028863
1028680
1028500
1028499
1028253
1028248
1028207
1028154
1028038
1027750
1027538
1026888
1026796
1026674
1026458
1026371
1026344
1026324
1026321
1026220
1026188
1025919
1025909
1025900
1025751
1025700
1025624
1025608
1025317
1025114
1025071
1025042
1024965
1024919
1024918
1024833
1024813
1024762
1024746
1024644
1024587
1024514
1024436
1024369
1024191
1024168
1024165
1024115
1024078
1024036
1023971
1023926
1023872
1023790
1023772
1023762
1023696
1023409
1023228
1023099
1023024
1022935
1022848
1022815
1022708
1022699
1022673
1022531
1022464
1022352
1022330
1022329
1022311
1022306
1022223
1021923
1021898
1021754
1021690
1021576
1021527
1021426
1021325
1021163
1021053
1021047
1021004
1020971
1020963
1020937
1020899
1020875
1020873
1020722
1020717
1020607
1020562
1020506
1020335
1020265
1020044
1019707
1019296
1019241
1019134
1019133
1018948
1018816
1018797
1018748
1018743
1018734
1018672
1018668
1018647
1018638
1018564
1018553
1018544
1018447
1018399
1018322
1018321
1018228
1018174
1018137
1018116
1018042
1018022
1017883
1017753
1017624
1017595
1017576
1017564
1017449
1017381
1017235
1017039
1017027
1016961
1016753
1016734
1016589
1016578
1016533
1016529
1016471
1016432
1016427
1016412
1016342
1016321
1016192
1016158
1016155
1015932
1015774
1015708
1015674
1015520
1015411
1015356
1015314
1015187
1015137
1015095
1015060
1015016
1015008
1014587
1014518
1014507
1014406
1014277
1014182
1014119
1014113
1014081
1014063
1014022
1013975
1013925
1013856
1013815
1013737
1013708
1013542
1013530
1013485
1013415
1013379
1013344
1013335
1013179
1013152
1013145
1013084
1013041
1012986
1012965
1012943
1012904
1012900
1012709
1012414
1012350
1012269
1012179
1011983
1011935
1011733
1011610
1011608
1011502
1011472
1011343
1011241
1011171
1011051
1011036
1010845
1010813
1010800
1010565
1010550
1010495
1010347
1010311
1010283
1010282
1010201
1010134
1009946
1009886
1009751
1009692
1009667
1009452
1009430
1009390
1009387
1009382
1009322
1009301
1009207
1009087
1008883
1008854
1008501
1008376
1008345
1008207
1008206
1008061
1007861
1007838
1007769
1007630
1007502
1007467
1007245
1007207
1007203
1007111
1007038
1006971
1006860
1006836
1006782
1006774
1006761
1006654
1006645
1006601
1006539
1006518
1006453
1006371
1006361
1006266
1006238
1006063
1005933
1005784
1005674
1005659
1005579
1005541
1005436
1005381
1005261
1005119
1005042
1004997
1004871
1004687
1004652
1004579
1004527
1004519
1004484
1004481
1004293
1004260
1004257
1004138
1004038
1003745
1003494
1003464
1003425
1003395
1003299
1003087
1002995
1002991
1002975
1002813
1002802
1002786
1002691
1002578
1002446
1002428
1002178
1002150
1002100
1001947
1001893
1001826
1001811
1001755
1001697
1001596
1001440
1001410
1001356
1001310
1001300
1001247
1001210
1001131
1001114
1000935
1000824
1000705
1000598
1000313
1000303
1000291
1000274
1000171
1000076
999817
999708
999586
999267
998999
998937
998878
998734
998723
998631
998611
998479
998430
998370
998204
998121
997791
997617
997515
997475
997364
997309
997307
997220
996791
996685
996656
996626
996517
996394
996278
996270
996069
995949
995827
995775
995742
995610
995603
995596
995591
995525
995460
995441
995424
995291
995245
995200
995105
995005
994667
994656
994546
994528
994424
994183
994108
993960
993830
993786
993727
993696
993663
993648
993621
993609
993532
993526
993455
993453
993431
993429
993378
993316
993298
993264
993230
993146
992971
992901
992603
992593
992592
992549
992489
992463
992433
992427
992397
992336
992323
992169
992007
991969
991961
991905
991835
991822
991735
991728
991720
991719
991521
991507
991397
991368
991176
991065
991041
990967
990942
990930
990903
990897
990852
990768
990748
990716
990659
990645
990633
990613
990571
990537
990358
990316
990237
990087
990084
990018
989968
989962
989748
989660
989511
989319
989195
989166
989162
989151
989058
989038
989032
988937
988869
988868
988775
988720
988709
988545
988424
988363
988356
988222
988105
988061
987982
987950
987805
987566
987501
987500
987480
987477
987470
987282
987090
987026
986901
986861
986807
986795
986690
986599
986412
986232
986126
986122
895572
894589
875497
860726
858247
855602
854610
854548
852949
849647
848569
847244
841858
838598
834481
831983
822055
821533
818372
815679
809448
801125
799840
762088
737125
711189
703092
686905
684700
677530
672683
644287
628129
623790
620135
611892
605432
589643
579147
575689
571299
514905
510620
510461
509470
479093
472296
468446
466264
457863
457021
432673
415732
412079
410899
365005
363962
343560
327764
220713
105388
100914
98531
79221
75964
57548
56045
55489
55117
55066
54897
54706
51400
46642
44987
