224356738
224356731
224356684
224356481
224356432
224356430
224356386
224356304
224356229
224356219
224356193
224356130
224356046
224355999
224355989
224355988
224355885
224355040
224354876
224354803
224354526
224354366
224354323
224354278
224354227
224354184
224354021
224353928
224353922
224353826
224353782
224353559
224353217
224353081
224353054
224353002
224352984
224352927
224352883
224352865
224352670
224352631
224352623
224352439
224352415
224352336
224352040
224351993
224351969
224351966
224351868
224351849
224351820
224351639
224351175
224351086
224351022
224350872
224350549
224350475
224350447
224350328
224350042
224349920
224349542
224349525
224349200
224349097
224348994
224348914
224348903
224348426
224348423
224348321
224348179
224348125
224348071
224347981
224347917
224347703
224347680
224347634
224347608
224347562
224347495
224347441
224347368
224347351
224347305
224347270
224347238
224347132
224347069
224347013
224346949
224346938
224346925
224346864
224346837
224346799
224346779
224346742
224346450
224346422
224346396
224346112
224346075
224346040
224345625
224345507
224345485
224345478
224345459
224345330
224344463
224344320
224344060
224344024
224343816
224343576
224343472
224343397
224343350
224343099
224343070
224342724
224342698
224342621
224342461
224342288
224341831
224341765
224341749
224341736
224341662
224341373
224341372
224341341
224341147
224341006
224340914
224340351
224340235
224340197
224340142
224340126
224339957
224339824
224339421
224339310
224339229
224338774
224338455
224338447
224338427
224338423
224338357
224338322
224338250
224338238
224338233
224338117
224338097
224337861
224337836
224337379
224337197
224337003
224336715
224336045
224335735
224335067
224335063
224335033
224335032
224334954
224334772
224334652
224334640
224334611
224334274
224333810
224333750
224333582
224333575
224333370
224333276
224333224
224333121
224332906
224332707
224332644
224332623
224332594
224332331
224332193
224332141
224332013
224331884
224331759
224331512
224331461
224331381
224331154
224330835
224330770
224330540
224330486
224330406
224330390
224330282
224329964
224329719
224329603
224329300
224329295
224328555
224328446
224328427
224328197
224328120
224327953
224327949
224327923
224327865
224327843
224327832
224327743
224327642
224327390
224327021
224326982
224326970
224326751
224326663
224326361
224326188
224326040
224325953
224325719
224325629
224325547
224325419
224325280
224324670
224324643
224324597
224324584
224324546
224324420
224324196
224318611
224317751
224317713
224317703
224317701
224317655
224317644
224317631
224316428
224316282
224316221
224316076
224316015
224315943
224315805
224315737
224315638
224315550
224315268
224315184
224315083
224314810
224314778
224314719
224314642
224314485
224314014
224313859
224313806
224313802
224313772
224313618
224313547
224313477
224313433
224313222
224313194
224312657
224312591
224312043
224311923
224311731
224311677
224311664
224311505
224311376
224311365
224311291
224311278
224311184
224311146
224311017
224310895
224310742
224310653
224310623
224310280
224310150
224310039
224310036
224309933
224309875
224309252
224309222
224309133
224309090
224309075
224308991
224308818
224308687
224308449
224308361
224308253
224308190
224308116
224308017
224307924
224307654
224307622
224307499
224307404
224307236
224306980
224306927
224306683
224306681
224306679
224306670
224306619
224306383
224306338
224306267
224305990
224305985
224305935
224305638
224305583
224305481
224305293
224305292
224305131
224305113
224305106
224304866
224304802
224304739
224304581
224304460
224304148
224304034
224303742
224303720
224303609
224303154
224303015
224302928
224302257
224301941
224301854
224301723
224301703
224301456
224301384
224301331
224301327
224300718
224300576
224300494
224300442
224300427
224300362
224300188
224299960
224299826
224299699
224299474
224299441
224299403
224299372
224299342
224298626
224298567
224298306
224298009
224297810
224297752
224297719
224297640
224297536
224297513
224297285
224297265
224296995
224296959
224296866
224296590
224296567
224296562
224296525
224296492
224296201
224296154
224296030
224295981
224295947
224295915
224295899
224295727
224295597
224295500
224295425
224295399
224295111
224294761
224294456
224294289
224294263
224294031
224294016
224293740
224293651
224293506
224293450
224293325
224293305
224293097
224293031
224293028
224292865
224292854
224292822
224292812
224292668
224292624
224292560
224292410
224292329
224292262
224292103
224291313
224291276
224291105
224290721
224290641
224290540
224290509
224290449
224290373
224290333
224290083
224290003
224289935
224289834
224289797
224289618
224289451
224289217
224289200
224288968
224288959
224288912
224288593
224288545
224288176
224288119
224288046
224287914
224287634
224287632
224287470
224287434
224287337
224287125
224286886
224286878
224286767
224286635
224286460
224286258
224286196
224286178
224285967
224285713
224285698
224285649
224285559
224285458
224285424
224285238
224284966
224284840
224284800
224284772
224284713
224284496
224284486
224284410
224284408
224283826
224283788
224283679
224283217
224283129
224282916
224282699
224282399
224281979
224281637
224281491
224281478
224281262
224280898
224280766
224280680
224280543
224280493
224280441
224280308
224280243
224280141
224279596
224279577
224279432
224279185
224279076
224278677
224278495
224278463
224278331
224278271
224278196
224278150
224277809
224277715
224277681
224277679
224277433
224277382
224277289
224277285
224277252
224277215
224277159
224277104
224277027
224276948
224276890
224276856
224276847
224276736
224276735
224276649
224276500
224276438
224276392
224276377
224276254
224276157
224276067
224276055
224276048
224275950
224275572
224275374
224275249
224275195
224275153
224275151
224275148
224275030
224274965
224274203
224274111
224273997
224273987
224273912
224273892
224273582
224273522
224273408
224273365
224273284
224273226
224273214
224273200
224272914
224272711
224272484
224272454
224272380
224272221
224272178
224272016
224271935
224271934
224271746
224271656
224271607
224271561
224271556
224271452
224271238
224271113
224270907
224270905
224270788
224270707
224270353
224270285
224269913
224269776
224269196
224268997
224268913
224268806
224268717
224268690
224268368
224268130
224268020
224267926
224267844
224267806
224267352
224267219
224266625
224266569
224266166
224266051
224266019
224265942
224265875
224265737
224265707
224265074
224265069
224265050
224264593
224264039
224263953
224263692
224262748
224262608
224262362
224262157
224261694
224261664
224261625
224261063
224260972
224260963
224260785
224260751
224260724
224260613
224260593
224260513
224260392
224260252
224260147
224259671
224259341
224259022
224258753
224258635
224258522
224258489
224258285
224257986
224257809
224257388
224256983
224256698
224256019
224255828
224255758
224255733
224254952
224254509
224254371
224254275
224254198
224253777
224253528
224252689
224252688
224252555
224252156
224251978
224251966
224251958
224251866
224251775
224251259
224251214
224251199
224250845
224250593
224250263
224249378
224249207
224249182
224249043
224249007
224248929
224248331
224248288
224248271
224248187
224248152
224248139
224247534
224247375
224247365
224247330
224247182
224247117
224247075
224246237
224246160
224246111
224245933
224245635
224245111
224245080
224244690
224244185
224244148
224243728
224243658
224243651
224243543
224243378
224243367
224243030
224242653
224242532
224242385
224242309
224242088
224241947
224241868
224241738
224241672
224241320
224241308
224241251
224241240
224241217
224240923
224240885
224240788
224240773
224240464
224240037
224239771
224239373
224239329
224239194
224238620
224238399
224237972
224237200
224237060
224237006
224236769
224236583
224236427
224236289
224236249
224236040
224235856
224235664
224235300
224234786
224234527
224234007
224233908
224233603
224233176
224232773
224232623
224232442
224232416
224232259
224232245
224232173
224231997
224231889
224231740
224231722
224231721
224231684
224231425
224231413
224230862
224230114
224229914
224229731
224229659
224229249
224229243
224228685
224228410
224227676
224227491
224227417
224227238
224226737
224225677
224225418
224225161
224224922
224224603
224224481
224224332
224224327
224223467
224223395
224223178
224223004
224222230
224222132
224220832
224220734
224220565
224220230
224220167
224219959
224219954
224219930
224219891
224219494
224219339
224219086
224218740
224218359
224218293
224217949
224217889
224217621
224217584
224217460
224216935
224216788
224216549
224216366
224216212
224216175
224216027
224215742
224214603
224214489
224214478
224214228
224214162
224213785
224213635
224213553
224213475
224213298
224212634
224212555
224212309
224212117
224211668
224211186
224211176
224210318
224210098
224209859
224209843
224209543
224209485
224209413
224208759
224208394
224208219
224208211
224208083
224208004
224207405
224207148
224207003
224206485
224206094
224205977
224205760
224205722
224205574
224205456
224204614
224204585
224204553
224204488
224204479
224203699
224203661
224203560
224203426
224203187
224203001
224202964
224202890
224202606
224202420
224202103
224201724
224201502
224201474
224201446
224201374
224201307
224201270
224200619
224200363
224199946
224199851
224199274
224199228
224199221
224199064
224199026
224198388
224198033
224196967
224196764
224196683
224196566
224196506
224195842
224195796
224195566
224195520
224195449
224195174
224195079
224194680
224194071
224193760
224193186
224192382
224192365
224192284
224192022
224191682
224191628
224190951
224190879
224190787
224190736
224190602
224190479
224190335
224190062
224190012
224189939
224189925
224189744
224189408
224188788
224188538
224188346
224187888
224187711
224186393
224186365
224186315
224186054
224185963
224185593
224184625
224184200
224183811
224183511
224183367
224182640
224182551
224182305
224181434
224181268
224180969
224180552
224180181
224180167
224179994
224179755
224179386
224179259
224179123
224179090
224178414
224178120
224177913
224177517
224177279
224176869
224176307
224175534
224174921
224174349
224174319
224174275
224174261
224174236
224174106
224173695
224172825
224172668
224172655
224172533
224172461
224172131
224171627
224171625
224171109
224171104
224169722
224169144
224168946
224168752
224168388
224168284
224168282
224168206
224167769
224167670
224166466
224166343
224166108
224165893
224165804
224165632
224165415
224165127
224164964
224164613
224164281
224163983
224162770
224162311
224161859
224161794
224161713
224161590
224161466
224161385
224161162
224160675
224160064
224159669
224159572
224159506
224159268
224158876
224158696
224158658
224158601
224158346
224158128
224157198
224156862
224156595
224156332
224156017
224155889
224155383
224155281
224154955
224154810
224154316
224153879
224153679
224152831
224152591
224152417
224152409
224151185
224150998
224150699
224150395
224149839
224149708
224149353
224149233
224149048
224148348
224147664
224147576
224147164
224146036
224145736
224145690
224145561
224144845
224144595
224144058
224143741
224143688
224143203
224142134
224141997
224141948
224141174
224140840
224140623
224140617
224140552
224140414
224140293
224140213
224139800
224139343
224139305
224138838
224138788
224138688
224138544
224138479
224137867
224136482
224136477
224136052
224135658
224135604
224135580
224135554
224135511
224135303
224134575
224134548
224134148
224133981
224133912
224133841
224133495
224133485
224133475
224132779
224132712
224132594
224132458
224131740
224131608
224130622
224130227
224130113
224129953
224129745
224129583
224129486
224129146
224129120
224129086
224128788
224128766
224128018
224127377
224126424
224126309
224126110
224126042
224125723
224124482
224124089
224123630
224123515
224123510
224123463
224123244
224122640
224122282
224121785
224121679
224120787
224120707
224120681
224120520
224120456
224120452
224120170
224120147
224120103
224120046
224119661
224119622
224119414
224119017
224118631
224118610
224118592
224118457
224118099
224118017
224118005
224117697
224117528
224117128
224117091
224116646
224116524
224116035
224116020
224115699
224115645
224115580
224115550
224115468
224115361
224114984
224114718
224113858
224113509
224113134
224112770
224112562
224112462
224112272
224112132
224111932
224111559
224111351
224111078
224110988
224110970
224110688
224110617
224110386
224109755
224108987
224108586
224108429
224108346
224108129
224107478
224107137
224107134
224106968
224106678
224106297
224106283
224106147
224105396
224105292
224105222
224105123
224104994
224104917
224104768
224104718
224104515
224104469
224104110
224103189
224103171
224102853
224102734
224102578
224102531
224102523
224101969
224101815
224101644
224101639
224101446
224101395
224100993
224100493
224100474
224099757
224099651
224099557
224099519
224099497
224099479
224099290
224099188
224099125
224099090
224098895
224098737
224098214
224098104
224097761
224097557
224097537
224097294
224096919
224096765
224096311
224096013
224095992
224095838
224095822
224095784
224095630
224095518
224095112
224095037
224094778
224094388
224094302
224094096
224093913
224093725
224093571
224093444
224093395
224093331
224093276
224092992
224092603
224092529
224091913
224091517
224091416
224091400
224091398
224091140
224090954
224090911
224090869
224090423
224090140
224089979
224089504
224089422
224089400
224089380
224089087
224089067
224088739
224088421
224088352
224088149
224088134
224087826
224087767
224087713
224087556
224087527
224087433
224087322
224087317
224087301
224087252
224087213
224086647
224086545
224086466
224086247
224085994
224085813
224085453
224084967
224084780
224084271
224084053
224083263
224082730
224082526
224082106
224082050
224081914
224081700
224081663
224081346
224081183
224081165
224081116
224080571
224080518
224080067
224079630
224079245
224079168
224078993
224078814
224078702
224078691
224078272
224078140
224078024
224077775
224077573
224077489
224077025
224076982
224076951
224076564
224076541
224076490
224076483
224076227
224075972
224075852
224075789
224075706
224075409
224074797
224074721
224074696
224074685
224074650
224074453
224074266
224073918
224073707
224073679
224072975
224072403
224072245
224072201
224072033
224071763
224071658
224071442
224071197
224070659
224070381
224070045
224069890
224069806
224069765
224069753
224069737
224069701
224069327
224069303
224068928
224068693
224068182
224068073
224067858
224067837
224067692
224066976
224065895
224065581
224065550
224065420
224064885
224064277
224063931
224062661
224062625
224062507
224062103
224061557
224060055
224060022
224059991
224059969
224059851
224059327
224059237
224058981
224058719
224057584
224056445
224055926
224055555
224055358
224054963
224054947
224054563
224054459
224054435
224054391
224053281
224052640
224052613
224052609
224052360
224052171
224051734
224051469
224051165
224050674
224049995
224049639
224049561
224049097
224048988
224048934
224048933
224048801
224048059
224047872
224047747
224047582
224047494
224047207
224047010
224046576
224046323
224046256
224045758
224045381
224044644
224044410
224044326
224044281
224043651
224043605
224043466
224043121
224043098
224042089
224041934
224041918
224041860
224041493
224041434
224041217
224041196
223772346
223560185
223384365
223187872
223050519
223039162
223005521
222995080
222399383
222388923
222313473
222247384
222230158
222194120
222176850
222127794
222106702
221703856
221402576
221117028
221099888
220910338
220783069
220770647
220481958
220287631
220120427
219973870
219500841
219478545
219109389
218719322
218545530
217949322
217841655
217709512
217560086
217450752
217358804
217324683
217155662
217125226
217109904
216837458
216606180
216605792
216546438
216431840
216048972
216046927
216034116
215995551
215739297
215580214
215571052
215424614
215394445
215244809
215167892
215150474
215109028
215027834
214905008
214890930
214831811
214827670
214713235
214708593
214694459
214424849
214044452
214020346
214018496
213690883
213682027
213620923
213620087
213579869
213426291
213371845
213362895
213257757
213185531
213139446
213007801
212974543
212933818
212868397
212741673
212736293
212729173
212363460
212179905
212066214
211777779
211607759
211455313
211443332
211369667
211325473
211318264
211113892
210931064
210885888
210695001
210629565
210562065
210383798
210049436
210046223
209752239
209731486
209602119
209090232
208999914
208893310
208864633
208651121
208582264
208518854
208514050
208483483
208411025
208364875
208222431
208113662
207776641
207774374
207597170
207532206
207101561
206972403
206660825
206605710
206597370
206571076
206293365
206171871
206096802
205959822
205880025
205843936
205800688
205367038
205363631
205205134
205123401
205109486
205091585
204938118
204909585
204889486
204855817
204800562
204622603
204604798
204524146
204509397
204321945
204249550
203853805
203721213
203646552
203579144
203549728
203071120
202859289
202528476
202285206
202172321
202118089
202082201
202062631
202026905
201731462
201729142
201300530
201288815
201245784
201048165
201004763
200986607
200866404
200844663
200820563
200734976
200725569
200469136
200291852
200252898
200133097
200117773
199917994
199895079
199791406
199713446
199700474
199627625
199345089
199309708
199195571
198967130
198923156
198680432
198636702
198336195
198271934
198220174
198206758
198126702
198108157
197951260
197764904
197588796
197568046
197533703
197362673
197350449
197334912
197148427
197035115
196704546
196576560
196497946
196285032
196229593
196184028
195774060
195692495
195497230
195428656
195421973
195158711
195115514
195000981
194789097
194700207
194693263
194149974
194084735
193824859
193762120
193744078
193727886
193408873
193362689
193307461
193230966
192253258
192025966
191921047
191845140
191812352
191700091
191605807
191256232
191219843
191133687
190901999
190678133
190327605
190317134
190199779
190102957
189925725
189795753
189596527
189442401
189329705
189307107
189191713
189131235
189110776
189057794
188983930
188919178
188743074
188655246
188627386
188515202
188301033
188057246
187537288
187240368
187214479
187073041
186889253
186825871
186768893
186765233
186721161
186344996
186305371
186190579
186064718
185800438
185593549
185566295
185499145
185413799
185399359
185279027
185253033
185189107
185086067
184990260
184938967
184919174
184827513
184333181
184321992
184267839
184232753
184073399
183981184
183511849
183477887
183465881
183352631
183226111
183204169
183196639
183139003
183058553
183035626
182902945
182896667
182711498
182602759
182370503
182354799
182342554
182225677
182022097
181970251
181946768
181621135
181618484
181507829
181437836
181436146
181431718
181412765
181376628
181025723
180948063
180939423
180913140
180785985
180596158
180577111
180448265
180342766
179925821
179845222
179741952
179740604
179714766
179399548
179211894
178880314
178705368
178677769
178616622
178407877
178377453
178329338
178148156
178105233
177676340
177306214
177112158
177004324
176980839
176938191
176890250
176490187
176425382
176411355
176335358
176291546
176140778
176132971
175876323
174928405
174882937
174710515
174599655
174584264
174557979
174401877
174396544
174303003
174242843
173844690
173716444
173694997
172912199
172622131
172570829
172495341
171958184
171895876
171571202
171492596
171278796
171199899
170820321
170359386
170191954
169950798
169831898
169794476
169538339
169319560
169123583
169071737
169047766
168984705
168940376
168905813
168470555
168402486
168318582
168201668
168122076
168014886
168012055
167977004
167786021
167712020
167541001
167539793
167133063
166791522
166183397
166179245
166091893
165828912
165827907
165732330
165643674
165600306
165519590
165511371
165433029
165416747
165409168
165230157
165213409
165199555
165118602
165071519
164987210
164823364
164550748
164385794
163891652
163871684
163757346
163713784
163691290
163458436
163224678
163130839
162999355
162971681
162777411
162655850
162640663
162541088
162519189
162517533
162419632
162316595
162316227
162209966
161873004
161823532
161735724
161355953
161193124
160985291
160817138
160793227
160760864
160738330
160559792
159995586
159927888
159407999
159226867
159011851
159005557
158819846
158811791
158467483
158331145
158186633
158107959
158045113
157869705
157182778
157106442
156937309
156885613
156855916
156807626
156615294
156507345
156351057
156295154
155853456
155806460
155803408
155779156
155745368
155691161
155689853
155592451
155582888
155410655
155383913
155212050
155022406
154981123
154932025
154792630
154728959
154622853
154564774
154368083
154350974
154254888
153686106
153506611
153346798
153218972
153021153
152912970
152716359
152700247
152570108
152511804
152325698
152228163
151621784
150929242
150841221
150632736
150598895
150418872
150397232
150275486
150256053
150159489
149792260
149556556
149219388
149217568
149118028
149064466
149052959
148964227
148894020
148596288
148252787
148223218
148151913
148082716
147947962
147937821
147703551
147649898
147639286
147451930
147389462
147300817
146844988
146460534
146337603
146288784
146025692
145936053
145731898
145149018
144371598
144047546
144023917
143882596
143796502
143770997
143612211
143607656
143205999
142978812
142846029
142807289
142544737
142543243
142440436
142382456
142216225
142081402
142030206
141748530
141006173
140843996
140735102
140674561
140482379
140088965
139804842
139803195
139556637
139555982
139531799
139509205
139151072
139089241
138861318
138637867
138402635
138312317
138155268
138144247
138054708
137832069
137821505
137539180
136727662
136656024
136620072
136500873
136361427
136196947
136176693
135773424
135749797
135724310
135710464
135557896
135365014
135258978
134960603
134921332
134527637
134423337
134346701
133803144
133631173
133613612
133516912
133435985
133391194
133255314
133084889
132953024
132725863
131837339
131345882
131143001
130845686
130078959
130071800
130008704
129950800
129903694
129870335
129452433
129235671
129232189
129185947
128741444
128668993
128629992
128411726
127878824
127782185
127380113
127376767
127291928
127204392
127204027
127134530
126968820
126431217
125675004
125254997
125074625
125066708
124924135
124262133
124223601
124100237
123601697
123589876
123395136
122943535
122879635
122713537
122636101
122610518
122562392
122481366
122392524
122236880
121790613
121745127
121385537
121331540
121182118
121042140
120898617
120731614
120711816
120625748
120615986
120605472
120491179
120270171
120184176
120095375
119982101
119932619
119880607
119612005
119542561
119479657
119439650
119305084
119303558
118925759
118864670
118498985
118415249
118279396
118251899
118195652
117955664
117940957
117681185
117617041
117149391
117004249
116823930
116405422
116103109
115548277
115438271
115410203
115350051
115310587
114894823
114869543
114647240
114465890
114366947
114241863
114011075
113829215
113821785
113624699
113613801
113477856
113438223
113346688
113113074
112931079
112774669
112601456
112070554
111739920
111545995
111378896
111352430
110594821
110090942
110005284
109296180
109119005
109092461
109010904
108776798
108776578
108745525
108297116
108220649
107933992
107774539
107666646
107604878
107453707
107385379
107349775
107334765
107246203
107028118
106918985
106736267
106463336
105497526
105463809
105083808
105007479
104929603
104735573
104608291
103928355
103859613
103597087
103475763
103400852
103235896
103235246
103229926
103029335
102990329
102895313
102868845
102760987
102595128
102556887
102546851
102358327
102011180
101882466
101831367
101485322
101296561
101294842
101004831
100951686
100662103
100518943
100154973
100032033
99849360
99730593
99604883
99567037
99479569
99095559
99024005
98942740
98781026
98568551
98542975
98366618
98047962
97910365
97907999
97508826
97379216
96859614
96763065
96759834
96690721
96647190
96504094
95916744
95595353
95484475
95277133
95004294
94956328
94875153
94854001
94848917
93877523
93377508
93194443
93106768
93095660
92884328
92786050
92735852
92680640
92409906
92372755
91471082
91350362
91239757
90586195
90525790
90433251
90361575
89910066
89685482
89114837
89031821
89000166
88704586
88588915
88537622
88265515
87609829
87386527
87069661
86700874
86048989
85823625
85767043
85563720
85417720
85229949
85188391
84961397
84860033
84782569
84669681
84541492
84507596
84025144
83887762
83722808
83449890
83346796
82957532
82940487
82819736
81980948
81878818
81810543
81714657
81522941
81514449
81319811
81199558
81107989
80862594
80750821
80667389
80624176
80585219
80499555
80453706
80358600
80350589
80222790
80037311
79975280
79971411
79932587
79626980
79361087
78715323
78541213
78491305
78221550
78071336
78049654
77340856
76791422
76225283
76052735
75913195
75794210
75650589
75627745
75341074
75308131
75221531
74777066
74611659
74474124
74078779
74009927
73937226
73903099
73729472
73660523
73531106
73174997
73103645
72712209
72695380
72511410
72201358
72045135
71906206
71866043
71459532
71298287
71130822
70968454
70287987
69877709
69422681
69409731
69259330
68971645
68786597
68516156
68514049
68337207
68304363
68289944
67793339
67766172
67685158
67615121
67045745
66735847
66150608
66114375
66033159
65977730
65763719
65636315
65549394
65458560
65306830
65248532
65228026
65218780
65074367
64869796
64834192
64726042
64671465
63771970
63725762
63643525
63399091
62939488
62908048
62867765
62844914
62621092
62611863
62487868
62438292
62416668
62395317
62384396
62307725
62219855
62056873
61965094
61720286
61673960
61641959
61493744
61476650
61475550
61308935
61141702
61052601
60896515
60820603
60595635
60337528
60157339
60078608
59947947
59946069
59939315
59912473
59899743
59772530
59753443
59498798
59463857
59311550
58883576
58668019
58529595
58300277
58286518
58033810
57556700
57140199
56893476
56766483
56105074
55962756
55758770
55327631
55088153
54826683
54793882
53672430
53661072
53411142
53237006
53173417
53037916
52708324
52324591
52071207
52068613
52048022
51955588
51158772
51108627
51096280
51021681
50933202
50785836
50170079
50127905
50089538
49556919
49545266
49492254
49340910
49250691
49199558
49052095
48887524
48400166
48315402
48284502
48069187
47458057
47412827
46865359
46853444
46660441
46647265
46646859
46378943
46060554
45944383
45600273
45431563
45418420
45366462
44758281
44634587
44194729
44147036
44103631
44095697
44088618
43977204
43702404
43634158
43610192
43545764
43394436
43136811
42984079
42942106
42783630
42583437
42548790
42541542
42465464
42453516
42412267
41927817
41692112
41585540
41216001
41197028
40707888
40046157
40007977
39947320
39877506
39839249
39773224
39399323
39078078
39031797
38979423
38867065
38732922
38687594
38594144
38570641
38496537
38485732
38344201
38152767
38081859
38070158
37891252
37683200
37620569
37591445
37374852
37240332
37129993
37037983
36694838
36221481
36079723
35866733
35861816
35719760
35535994
35521052
35436790
35400083
35264591
34563187
34185606
34118168
33994421
33734516
33729913
33677127
33575872
33350206
33316369
33241093
33223482
33209819
33131739
32981177
32607491
32589887
32489302
32489094
31886573
31626362
31354480
31261868
30803287
30373034
30345222
30297003
30158963
29840591
29003240
28519682
28375972
27906197
27796250
27616633
27426453
27163452
26781136
26744107
26428443
26229943
26199648
25458665
25416254
25185181
25040713
24988417
24963591
24338503
24306497
23965114
23875350
23771506
23436128
23401628
23401110
23177205
22984477
22639083
22554699
22544979
22445581
22262571
22243868
21765158
21287758
20548182
20421385
19616558
19558084
19462021
19360909
19352238
19302305
19131166
18945473
18710881
18512171
18510212
18478469
18444788
18376943
18375657
18291403
18234656
18013202
17704456
17241418
17140424
16952375
16650575
16295015
16293251
16248761
16179534
16098280
15885358
15869496
15663307
15605457
15431749
15360069
15206390
15160533
15107929
14898820
14776971
14417865
14161551
14102483
13923745
13858293
13779136
13585326
13525160
13423288
13279926
13277184
13006160
12790094
12733265
12658770
12641524
12511997
12453783
12350676
12272330
11964011
11872913
11777018
10982220
10602978
10581580
10082894
9961945
9857435
9705116
9685229
9625818
9523411
9093369
8358302
8318537
8107361
7870947
7796274
7770516
7682657
7298796
7191824
6864298
6664925
6634096
6320503
6268498
6212607
5995779
5968472
5511916
5281823
5212840
5157115
5142923
5109110
5065577
5060475
5054039
4963506
4190133
4083646
3726425
3311505
3219592
3125182
2932069
2724364
2679619
2641562
2543478
2515701
2275386
2194322
2190181
2071165
1626311
1552660
1527405
1293686
1238444
1238016
1238014
1238012
1237912
1237789
1237581
1236703
1236622
1236547
1236181
1235495
1235402
1234816
1234236
1234099
1234063
1233310
1233161
1232984
1232399
1232366
1232224
1232068
1231374
1230661
1230498
1230391
1230353
1230264
1229618
1229325
1228785
1227844
1227840
1227793
1227290
1226579
1226496
1226223
1226178
1226085
1226074
1225691
1225317
1225312
1225095
1224802
1224736
1224530
1224447
1223889
1223577
1223400
1223320
1222770
1222735
1222657
1222537
1222333
1222236
1221865
1221852
1221262
1221163
1221121
1221091
1220329
1220271
1219723
1219406
1218813
1218780
1218510
1218043
1217705
1217608
1217577
1217561
1217509
1216914
1216695
1216567
1216544
1216494
1216391
1216286
1216049
1214836
1214614
1213377
1211407
1211211
1211112
1210998
1209070
1208515
1207579
1207378
1207350
1206721
1206644
1206419
1206329
1206009
1205777
1205528
1205515
1205225
1205043
1204926
1204103
1203762
1203476
1202029
1201420
1201239
1201190
1201150
1200897
1200793
1200779
1200681
1200510
1200272
1200170
1200169
1200155
1199278
1199121
1199101
1198960
1198834
1198715
1198521
1198431
1197415
1196870
1196663
1195544
1195465
1195085
1194714
1194407
1194159
1193960
1193274
1193182
1193133
1192843
1192774
1192529
1192062
1191640
1191320
1190933
1189793
1189574
1189460
1189443
1189246
1188285
1187885
1187849
1187764
1187417
1187406
1187263
1186397
1186032
1185356
1185301
1185216
1184821
1184808
1184688
1183197
1182994
1182424
1182286
1181791
1181768
1181235
1180755
1180712
1180623
1180495
1180327
1179833
1179766
1179726
1178963
1178911
1178558
1178142
1178042
1177963
1177900
1177550
1177536
1177531
1177484
1177399
1176806
1176706
1176647
1176416
1176189
1175793
1175272
1175222
1175202
1174455
1173982
1173708
1173151
1173026
1172825
1172120
1171773
1171683
1170573
1170513
1170400
1170391
1170335
1170099
1169745
1169617
1169571
1169156
1167791
1167761
1167404
1167207
1166785
1166252
1166063
1165486
1164899
1164452
1164061
1163956
1163783
1162923
1161809
1161745
1161472
1160406
1160035
1159944
1158725
1158315
1158310
1158023
1157794
1157232
1156981
1156799
1156558
1156370
1156359
1155508
1155427
1154538
1153559
1153423
1151810
1151556
1150923
1150018
1148280
1148206
1147613
1147610
1147280
1147110
1147034
1146999
1146112
1145805
1145040
1144668
1144587
1142993
1142603
1142347
1141541
1141093
1141075
1140879
1140782
1140759
1139805
1139780
1139694
1139209
1138547
1138532
1138519
1138410
1137462
1136032
1135204
1135036
1135000
1134875
1134258
1133199
1132984
1132962
1132756
1132380
1132242
1132227
1130671
1130367
1129959
1129517
1129336
1129101
1128979
1128814
1128805
1128755
1127629
1126617
1125698
1125566
1125426
1125074
1124754
1124434
1124106
1123808
1123802
1122396
1122087
1121800
1121776
1121775
1121567
1121166
1120949
1120779
1120674
1120642
1120532
1119956
1119163
1119002
1118844
1118835
1118065
1117513
1117339
1116610
1116502
1116457
1116067
1114996
1114386
1113541
1112695
1111877
1111770
1111424
1110984
1110811
1110389
1108091
1107884
1107881
1107342
1107338
1105582
1104605
1104483
1104422
1104340
1103508
1103417
1103408
1103332
1103116
1102939
1102744
1102185
1102072
1102027
1101873
1101837
1101834
1101737
1101371
1100750
1100698
1100678
1100530
1100304
1099047
1098529
1098511
1098505
1098382
1097871
1097652
1095980
1095511
1094367
1094357
1093728
1093214
1093111
1092719
1090871
1090653
1090516
1089777
1089140
1088931
1088679
1087376
1086554
1086109
1085410
1085388
1085276
1084140
1083638
1083345
1082422
1082036
1081925
1081437
1081382
1081026
1080946
1079223
1078902
1078858
1078843
1078777
1078359
1077700
1077614
1077298
1077193
1077191
1076605
1076061
1075689
1075674
1075390
1075118
1075030
1074483
1074095
1074088
1074084
1073902
1073840
1073490
1072611
1072194
1072063
1072047
1070981
1070476
1070206
1070050
1069214
1067972
1067940
1067531
1067431
1067078
1066783
1066670
1066615
1066464
1066396
1066362
1065585
1065521
1065418
1065000
1064775
1064435
1064045
1063573
1063484
1063164
1063156
1063113
1063083
1063015
1062953
1062761
1061542
1060844
1060340
1060326
1059909
1059667
1058744
1058706
1058492
1057966
1057874
1057856
1057581
1057270
1057009
1056956
1056686
1056568
1056303
1056131
1056066
1055930
1055770
1054587
1054389
1053252
1052497
1052439
1052283
1051327
1050679
1049870
1049815
1049693
1049638
1049190
1049087
1048236
1048182
1047435
1047138
1046886
1046495
1046413
1046405
1045950
1045519
1045220
1045108
1045030
1044627
1044432
1044250
1043740
1043599
1042807
1042790
1042743
1042040
1041908
1041821
1041517
1039850
1039593
1039589
1039564
1039332
1039326
1038937
1038771
1038210
1037399
1037397
1037366
1037343
1037173
1037096
1036997
1036969
1036792
1036430
1036368
1036354
1036291
1035909
1035583
1034929
1034872
1034535
1034365
1034058
1033773
1033352
1033039
1032776
1032768
1032123
1031513
1031083
1030895
1030570
1030159
1030105
1030100
1030038
1029748
1029399
1029329
1027990
1027942
1026580
1026281
1025469
1025088
1024623
1024531
1023637
1023313
1023077
1022904
1022666
1022616
1022139
1021335
1021240
1020427
1020364
1020146
1018828
1018480
1017715
1017587
1017046
1016705
1016575
1016002
1015326
1015109
1015054
1013879
1013850
1013003
1012768
1012463
1012330
1011985
1011926
1011679
1010873
1010838
1010632
1010541
1010437
1009819
1009768
1009766
1009761
1009647
1009096
1007674
1006778
1006278
1005291
1005276
1004933
1004206
1003718
1002417
1002414
1002067
1002043
1001317
1001036
1000986
1000883
1000643
1000385
999551
998791
998050
996870
996323
996268
994278
993523
993475
993180
991879
991599
991428
991161
990663
989900
989212
988409
987241
987164
987012
986957
986677
986246
985904
985815
984375
983913
983535
983471
982233
982190
981845
978540
977840
973549
972262
970502
970165
969059
968353
968296
967872
967471
967304
966715
966443
965908
964789
964454
963280
962841
962716
962575
961912
961404
960952
960505
960418
959793
959662
959491
959190
959012
958936
958724
956842
956254
955661
954135
953969
953080
952592
952413
952108
948415
947830
947756
945389
945004
944955
944431
943305
943022
943012
941944
941836
941716
941311
941236
941108
941049
939781
938919
938844
937969
937568
937193
936894
936798
935203
934758
934397
934229
933712
932303
931509
931444
931329
931321
931253
931189
930740
929324
929298
929240
928484
927464
927015
926310
926234
925733
924612
924175
923533
923239
922865
922845
922321
922297
921906
921703
921520
921196
921186
920863
919723
919660
919658
918781
918297
917816
917594
917289
917215
917161
916947
916827
916774
916592
915933
915321
912052
911409
910548
909352
909333
908056
907740
907519
906510
905638
904762
904437
904409
902613
901530
901158
900288
898660
898102
897841
895282
894483
893918
893833
893483
892989
892513
891514
891032
890887
890553
889503
888147
887231
886494
886335
885128
884228
883751
883435
883269
882671
881993
881971
880460
880223
879124
878954
878915
876997
876186
875187
874905
874899
873868
873549
872937
872533
871306
871268
870693
870296
869388
868455
867504
867322
867264
866773
866309
865598
863145
862877
862850
862842
862705
862580
862557
860767
860522
860337
860177
859626
858817
857992
857610
857372
856183
855309
855138
854483
854319
853757
853463
853389
852844
852453
851704
851350
851139
851086
850376
850120
849690
849484
849480
849272
849269
847657
847647
846759
846593
846358
846224
845633
845546
844068
843658
843175
842045
841889
841632
840627
840413
839932
839821
839688
838765
838221
837314
836747
836696
836519
834826
833055
831876
831387
831299
831281
830739
829601
829150
828984
828770
827928
827583
827208
826065
825796
824918
824656
824552
824471
824073
823135
822921
822824
822410
821753
820778
820752
820367
819364
819156
818821
818751
818176
817593
816936
816677
816295
816121
815390
814723
813913
813489
813398
811460
810749
810485
810213
810076
809433
809000
808604
808203
807998
807062
807032
807028
806849
806660
806571
805645
803641
803548
802709
802336
802031
801375
801157
800979
800965
799663
796048
795676
795368
795260
794698
794692
794490
794263
792314
791930
791692
791638
791634
791567
790309
789280
789132
788931
787803
786524
785860
785277
784668
771383
771092
770943
768223
767807
766880
766379
766231
765863
765846
764027
763713
762119
761943
761913
761707
761494
760897
759891
758646
758245
757198
756927
756900
756625
756330
755848
755052
754980
754701
754191
753596
752665
752580
752519
752044
751229
750413
749180
748842
748215
748045
746528
745407
745334
745011
744658
744600
744524
743419
743220
743011
742037
740903
740774
740429
740111
739647
739486
738956
738598
737551
736227
736016
734844
734827
733128
733112
732921
732546
732306
732278
732255
731927
731904
731854
731577
729867
729252
729051
728452
727152
727118
726109
725748
725255
724871
723903
723833
723284
722956
722603
722391
722030
720017
719319
719260
719098
718747
717283
717251
717084
716402
715733
714214
713904
713238
712375
711807
711218
710509
709872
709526
709252
708190
707988
707904
707818
707332
707006
706246
704819
704653
704499
704418
704272
703705
703308
703260
702803
702273
702136
701848
700786
700336
699408
699090
698765
698338
698327
697638
696888
696619
695909
695534
695024
694836
694204
694102
692160
691915
690180
688615
687870
687834
686872
686822
686634
685206
684692
684386
683116
682545
681524
681474
679872
679782
679769
679684
679430
679306
678737
678034
677992
677441
677264
676831
676632
675365
674723
674459
673745
673726
673305
672981
672559
672491
672158
672017
670704
670040
669748
669122
666088
663640
662486
662432
661962
661346
657873
657842
656884
654557
653881
653728
653573
653091
652473
651885
651353
651178
649844
648578
648335
648054
647960
645888
643424
643007
642852
642336
639167
638269
637145
636822
636294
635608
635171
635162
633863
630917
630474
630053
629525
629391
628116
628103
627987
627726
627223
627210
627140
626390
625886
625858
625086
624843
624671
624275
623931
622512
622313
621944
621641
621397
621372
620298
619080
617731
616912
616171
616067
615621
615150
614849
613978
613196
612215
611965
609347
609084
609061
607696
607312
607034
606331
606144
604687
604216
602996
602655
602376
600328
596679
596498
596275
595652
594795
594413
593838
593774
593186
592187
591940
591313
590360
590126
589679
589631
589577
589117
588596
588514
588376
586718
586568
586505
586296
585438
584012
583705
583256
582696
582680
582406
581487
581151
581026
580599
579892
579669
579057
578687
578144
578068
578021
577456
577364
576397
576124
576097
575694
575522
574185
573062
572876
572536
571798
571647
571467
570037
569610
569440
569320
568603
568316
568259
566565
566513
566330
565429
565210
564489
563108
562978
561957
561577
561492
561071
560492
560235
559607
559432
559396
558658
558645
558397
558244
558179
557043
554893
554527
553895
551529
551190
551158
551141
551052
550626
550376
550317
550095
549987
549662
549375
549000
547472
546281
545729
545577
545339
545128
544820
544602
544106
544034
543855
543812
542561
542524
541494
541231
540628
540445
540295
540251
539687
539467
539233
539064
537754
537058
536837
536752
536567
535797
534696
534626
533383
532911
532736
532191
531188
530799
529931
529862
529384
529278
528653
527892
527470
526596
526264
525595
525289
524174
522883
521933
521883
521100
520519
519897
518939
518582
516102
515889
515843
515830
515182
515160
514815
512817
510019
509954
509893
509712
509594
508406
508185
507234
506227
505956
505864
505642
504809
504000
503661
503384
502917
502547
502251
501043
500170
500160
499582
498682
498617
496070
496025
495097
494931
494703
494486
494305
493948
493570
493182
492101
492062
491259
491155
490992
490921
490822
490366
490161
489751
489333
488638
488585
487865
486944
486268
486236
485921
485899
485875
485380
485267
484347
484295
483763
483517
483280
482911
482512
481796
481623
481356
481195
481183
480619
480456
480443
480262
479360
479146
478738
478361
478324
478128
478063
477928
477916
477230
477053
476155
475897
475536
474479
473857
472338
471908
471718
471265
471131
470546
470093
470064
469768
469393
469360
469134
468590
468452
468313
468233
468041
464918
464863
464624
464369
461897
461735
460055
459069
459006
458877
458584
457742
457727
457306
457280
457134
457077
455814
455668
455191
454735
454726
454488
453779
453687
453189
452662
451892
451867
451302
451208
451000
450548
450194
449739
449540
449280
448603
448254
448187
447798
447685
447509
447174
446813
446782
445988
445696
445368
444966
444860
444395
442984
442754
442196
441739
441349
440365
440268
440046
439462
439311
439274
438793
438758
438719
437946
437167
437033
437012
436786
436388
436174
435712
434567
434487
433771
433769
433392
433324
433260
432993
432927
432877
432757
432748
431253
430917
430445
430266
430083
429864
429554
429528
429417
429252
429182
428176
428107
427906
427526
427450
427254
426699
426214
425993
425294
425145
424560
424438
423784
422752
422013
421445
421392
421309
421294
421174
420563
420441
420157
419898
419433
419121
419113
418794
418630
418415
418101
418078
417906
417628
417120
417041
416547
416191
416154
415915
415341
415315
414911
414891
414829
414303
414238
414080
413774
413669
413367
413024
412988
412872
412813
412491
412396
412031
412017
411718
411692
411552
411238
410996
410942
410758
410602
409970
409738
409386
409204
408907
408563
408555
408506
408311
408226
408202
406889
406707
406662
406448
405462
405417
405347
403929
403919
403588
403560
403538
403426
403311
402903
402755
402586
402480
401353
400785
400478
400442
400217
399853
399201
399098
398770
398680
398497
398219
398071
398066
398025
397959
397771
397348
397217
396988
396854
395516
395344
394920
394825
394571
394166
393968
393867
393304
392740
392705
392625
392569
392427
392082
391983
391876
391859
391769
391693
391482
391253
390436
390273
389093
388687
388516
388482
387632
387462
387245
387237
387206
386315
386242
386217
386196
385947
384397
384291
384287
383840
383691
383684
383594
383320
383095
382901
382858
382649
382556
382538
381652
381617
381133
380920
380601
380395
379760
379372
379353
379158
378503
378213
378082
377975
377727
377221
377200
377088
377066
376937
376834
376732
376600
376141
376085
375942
375864
375155
375065
375049
374873
374829
374752
374559
374183
374119
373440
372704
372557
372144
371851
371754
371195
370999
370953
370733
370462
370324
369965
369812
369612
369491
369488
369222
369069
368824
368711
368303
368054
367874
367693
367588
366541
366423
365827
365355
365353
365121
364922
364849
364797
364411
364169
363911
362924
362832
362818
362778
362681
362618
362596
362576
362290
361990
360998
360975
360811
360799
360526
360424
360386
360186
360086
359840
359839
359496
359487
359461
359213
358619
357735
357692
357257
357089
356757
356365
356344
355300
355271
355224
354980
354705
354328
354097
353700
352892
352623
352266
352265
352220
351790
351663
351656
350943
349663
349529
349380
349121
348568
347811
347189
346358
345522
345480
345365
345310
345293
345135
345121
344893
344780
344471
344460
344394
344307
343879
343848
343816
343370
342974
342655
342515
342108
342008
341934
341571
341205
340944
340017
339011
338883
338115
337924
337734
336380
336219
335536
334330
333790
333684
333328
333209
331252
329368
329092
328780
328338
327077
326947
325902
325277
325203
324721
324636
323977
323806
323030
322968
322533
321884
321524
321215
321159
320223
320141
320134
320003
319852
319591
319141
317660
317322
317045
317013
316864
316682
316115
315584
315563
315547
314604
313807
313723
312638
310926
310077
308230
308057
307665
307143
306455
306403
306054
305246
302544
302167
302124
302059
300966
300777
300030
299846
299786
299273
298803
298777
298561
298267
297764
297175
295724
295722
295246
295181
293579
293096
293021
292965
292936
291647
289882
289603
289449
288713
288486
288410
287892
287164
287114
285812
282730
281789
280641
280214
275635
275044
273444
273328
273239
272660
272209
271872
271767
271226
268807
268795
268668
268653
268577
268404
268263
268153
268141
267871
267821
267813
267776
267428
266916
266470
266392
265584
264963
264686
264621
264389
263937
261652
260566
260554
260372
260068
259666
258910
258188
257702
257239
256656
255796
254698
254436
254055
253797
253144
251996
251712
251693
251498
250167
250026
249752
249125
249122
248018
247452
246820
246521
245934
245481
244469
243559
242807
241452
241439
240625
240569
240487
240410
240344
239753
239723
239565
237865
237816
237255
235652
235095
234904
234826
234445
234279
233877
233754
233208
232697
232662
232539
231393
231152
230966
230111
229880
229639
229625
229448
229352
228712
228543
228463
228341
227582
227294
225775
224849
224534
223258
222966
222299
222001
221971
221663
220914
220769
220360
219854
217145
217064
216640
216228
215248
213886
213459
212442
211070
210969
210470
210452
210409
209610
209399
208650
208608
207313
206637
205834
205755
205722
205173
204725
204244
202802
202548
202504
202443
202273
202108
201531
201464
201215
201198
201178
201170
200817
200118
199801
199702
199527
199285
198523
198387
198339
197859
197609
197090
196897
196853
196757
196417
195481
195316
195064
192373
191374
191333
191019
190841
190580
190562
190544
190534
190211
190189
189174
189028
188714
188244
188157
186937
186681
185871
185546
185358
185321
184509
184248
184155
183518
182122
181710
179560
179420
178542
178064
177880
177809
177790
177123
176926
176239
175746
175551
175123
175054
174616
174501
174107
173962
173906
173706
173682
173524
173431
173148
172795
172645
172390
172164
172099
171900
171429
171336
171216
170783
170230
170129
170024
169973
169972
169833
169789
169730
169650
168912
168530
168497
168427
168225
167612
167067
167041
166591
166130
166029
165834
165395
164925
164532
163827
163565
163445
163337
163126
162964
162937
162553
162452
161288
160679
160364
159812
159661
159462
159309
125175
114574
113577
108360
108051
107976
107547
107517
107458
107258
107253
107201
107147
106918
106865
106832
106705
106664
106639
106215
106202
106174
106150
106143
106103
106051
105320
105259
105052
105001
104857
104717
104645
104459
104320
103266
90653
89097
73126
26322
23106
21001
