224356856
224355876
224355785
224355286
224354977
224354932
224354857
224354273
224354180
224354110
224354006
224353279
224353115
224352949
224352744
224352621
224351543
224350877
224350834
224350345
224350271
224348794
224347687
224347115
224346825
224345776
224345731
224345708
224345573
224345343
224344560
224344457
224344321
224344125
224344114
224343792
224343586
224343307
224343260
224343161
224343005
224342474
224342210
224341818
224341704
224341675
224341538
224341480
224341016
224340826
224340636
224340605
224340302
224340248
224340241
224339794
224339658
224339603
224339516
224339384
224339331
224339186
224337832
224337305
224337275
224337192
224337130
224337039
224336302
224336104
224335649
224335557
224335535
224334978
224334926
224334308
224333998
224333838
224333826
224333697
224333675
224333475
224333462
224333294
224330980
224330829
224330799
224330666
224330545
224330398
224330379
224330002
224329879
224329436
224328839
224328573
224328366
224328307
224327650
224327482
224327403
224327278
224327022
224326585
224326284
224326021
224325508
224325464
224325432
224325431
224325394
224325364
224325276
224325172
224325103
224325053
224324595
224324544
224324418
224322570
224316178
224315692
224315468
224315393
224314103
224314017
224313967
224313445
224313094
224312912
224312836
224312664
224312545
224312080
224311892
224311766
224311516
224311246
224311051
224310311
224309047
224308680
224308623
224308104
224308066
224307790
224307681
224307459
224307300
224306897
224306733
224306435
224306394
224306250
224306001
224305187
224305071
224304930
224304732
224304414
224304079
224303967
224303768
224303659
224303348
224303289
224302437
224302196
224301899
224301797
224301791
224301767
224301463
224301439
224301172
224300763
224300067
224299819
224299549
224299494
224299432
224299293
224299199
224298907
224298477
224298254
224298252
224298202
224298063
224298060
224297654
224297415
224297181
224297137
224297125
224297094
224296954
224296952
224296647
224295905
224295606
224294981
224294247
224294216
224294139
224293951
224293025
224292489
224292359
224292249
224291942
224291645
224291418
224291362
224290572
224290345
224290135
224290017
224289806
224289530
224289462
224289422
224289374
224289358
224289181
224288851
224288779
224288469
224287492
224287461
224287404
224287261
224286964
224286857
224286827
224286717
224286457
224285108
224285099
224285026
224284903
224284806
224284762
224284041
224283470
224283301
224283187
224283068
224282747
224282593
224282543
224282526
224281589
224281429
224280758
224280691
224279747
224279482
224279087
224278943
224278766
224278568
224277779
224277514
224277354
224276723
224276416
224275718
224275709
224275632
224275042
224273421
224273307
224273145
224272912
224272804
224272782
224272416
224272412
224272023
224270831
224270356
224269827
224269808
224269592
224269391
224269386
224268714
224268215
224268122
224267675
224266366
224266017
224265700
224265663
224265446
224264674
224264416
224264227
224263958
224263885
224263740
224263531
224263482
224263324
224263276
224262872
224262439
224262194
224261317
224260642
224259844
224259631
224258865
224258214
224258032
224257795
224257758
224257750
224257572
224256794
224256728
224256620
224256037
224256036
224256033
224255672
224255652
224255586
224255406
224255301
224255194
224255083
224255042
224254611
224254195
224253586
224253359
224252346
224252270
224251735
224251661
224251399
224251231
224251160
224251117
224250743
224250671
224250465
224250066
224250036
224249718
224249584
224249523
224249305
224249071
224248901
224248580
224248227
224247850
224247294
224247290
224247110
224245705
224245660
224245638
224244971
224244508
224244426
224243722
224243294
224242724
224242234
224242062
224242040
224241959
224241866
224241709
224241494
224241336
224241312
224241097
224240932
224239888
224239817
224239696
224239645
224239612
224239579
224239561
224239318
224239254
224239190
224239159
224239016
224238780
224238542
224238279
224238093
224238079
224238074
224237955
224237721
224237711
224237699
224237420
224236349
224236321
224235766
224235604
224234684
224234630
224234117
224233899
224233616
224233416
224232622
224232556
224232067
224231906
224231677
224231288
224230717
224230244
224230097
224229878
224228552
224228026
224227823
224227648
224227538
224227321
224227297
224227243
224226863
224226528
224225554
224225463
224225074
224224991
224224971
224224841
224224631
224224374
224223882
224223623
224223099
224222108
224220842
224220680
224220399
224220073
224219828
224219109
224218460
224218459
224218363
224217367
224217238
224216811
224216627
224216525
224215818
224215694
224215659
224215441
224215362
224214777
224214411
224214340
224214251
224214132
224213925
224213597
224213387
224212522
224211749
224211234
224211202
224210990
224210478
224210348
224209664
224209587
224208863
224208194
224207712
224207528
224207498
224207441
224207401
224207189
224207010
224206658
224206650
224206578
224206325
224206131
224206069
224206031
224206028
224205917
224205591
224205360
224205230
224204890
224204835
224204506
224204254
224204228
224203568
224203507
224202783
224202376
224202084
224202041
224201588
224200798
224200621
224200581
224200444
224200425
224199807
224198863
224198688
224197962
224197654
224197649
224197539
224197480
224197124
224197039
224196985
224196881
224196855
224196308
224196205
224196175
224194877
224194017
224193613
224193398
224192525
224191659
224191231
224190380
224190258
224190108
224190103
224190102
224190031
224189965
224189878
224189510
224189174
224188949
224188045
224187535
224187269
224187054
224186120
224186024
224185921
224185024
224183924
224183752
224183375
224182898
224182821
224182603
224182050
224182027
224181958
224181788
224181019
224180944
224180886
224180786
224180728
224180724
224180702
224180522
224180464
224179796
224179768
224179752
224179213
224179189
224178925
224178677
224178381
224178212
224177251
224176815
224175936
224175623
224174925
224174695
224174170
224174124
224174069
224173808
224173758
224173316
224172871
224172305
224172297
224172259
224172235
224171236
224170520
224170201
224170036
224170023
224169900
224169776
224169749
224169341
224169273
224168957
224168951
224168913
224168609
224168365
224167394
224167202
224167102
224166990
224165731
224165480
224165360
224165339
224164177
224164030
224162971
224162892
224162874
224162767
224162276
224161640
224161354
224161224
224160952
224160831
224160790
224160727
224160604
224160421
224160382
224160048
224159855
224159813
224159398
224159276
224159221
224158153
224158071
224158043
224157998
224157123
224156384
224156172
224156157
224155264
224155169
224154906
224154482
224153943
224153784
224153664
224153455
224153203
224152975
224152659
224152624
224152557
224152527
224152204
224152167
224151253
224151084
224150794
224150664
224150645
224149914
224149111
224148991
224148730
224148340
224148017
224147219
224146867
224146278
224146098
224145916
224145735
224145308
224145253
224144983
224144785
224144723
224144187
224143761
224143509
224143023
224142562
224142526
224142509
224142247
224142021
224141805
224141262
224141260
224140865
224140546
224140302
224140065
224139920
224139779
224139157
224137948
224137798
224136879
224136790
224136448
224135822
224135753
224135342
224134981
224134733
224134678
224134617
224134563
224134489
224134146
224133493
224133478
224133170
224132640
224132304
224132198
224132013
224131400
224131254
224130904
224130854
224130853
224130693
224130452
224130320
224129721
224129673
224129438
224129358
224129351
224129268
224128292
224128140
224128058
224127814
224127674
224127518
224126416
224126394
224126377
224125574
224125483
224125433
224125303
224125235
224125119
224125001
224124961
224124541
224124405
224124154
224124135
224123656
224123410
224123238
224123231
224122634
224122518
224122240
224121529
224121515
224120606
224120446
224119976
224119890
224119837
224119688
224119541
224119369
224119221
224118889
224118810
224118687
224118621
224118529
224118434
224118328
224118298
224118064
224117925
224117773
224117720
224117630
224117235
224117109
224115491
224114094
224113659
224113587
224113585
224113325
224113307
224112656
224112633
224112588
224111509
224111168
224110401
224110322
224110104
224109523
224109116
224108781
224108650
224108612
224108517
224108512
224108376
224107909
224107723
224107540
224106941
224106814
224106048
224106014
224105917
224105850
224105182
224105057
224104054
224103363
224103230
224103149
224102748
224102390
224102378
224102163
224102053
224101961
224101925
224101654
224101365
224101339
224100999
224100937
224100524
224099274
224098797
224098695
224098498
224098044
224097891
224097636
224097524
224097224
224097116
224096062
224096006
224095352
224094243
224094107
224094060
224094057
224093893
224093740
224093520
224093206
224093049
224092780
224092773
224092459
224092420
224092308
224092168
224092157
224091929
224091813
224091695
224091623
224091346
224090436
224090403
224090378
224090339
224090248
224089898
224089792
224089777
224089311
224089086
224088639
224088584
224088519
224088302
224087492
224087237
224086983
224086842
224086731
224086705
224086690
224086557
224086538
224086518
224086386
224086090
224085984
224085880
224085816
224085798
224085706
224085647
224085628
224085295
224085268
224085243
224085111
224084857
224084807
224084775
224084771
224084718
224084684
224084661
224084347
224084252
224084157
224083818
224083474
224082137
224081723
224081344
224081093
224081027
224080906
224080832
224080772
224080515
224080505
224080342
224080289
224080086
224079804
224079786
224079764
224079283
224079183
224079112
224078930
224078897
224078467
224077619
224076933
224076759
224076122
224076030
224075949
224075897
224075891
224075824
224075811
224075784
224075781
224075760
224075678
224075434
224075165
224074860
224074833
224074658
224074564
224074396
224074324
224074315
224074031
224074030
224073955
224073940
224073831
224073354
224072666
224072624
224071857
224071828
224071821
224071591
224071459
224071345
224071227
224071054
224070816
224069992
224069928
224069619
224069505
224069077
224069021
224068661
224067930
224067891
224067771
224067721
224067124
224066859
224066758
224066744
224066727
224066611
224066005
224065959
224065903
224065574
224065426
224065391
224065384
224065161
224065114
224065054
224064874
224064601
224064217
224064144
224064077
224064030
224063383
224063020
224062664
224062566
224062447
224062143
224061959
224061952
224061890
224061797
224061699
224061634
224061620
224061599
224061572
224061326
224061305
224061083
224060468
224059881
224059295
224059284
224058995
224058930
224058817
224058497
224058335
224057800
224057776
224057401
224057257
224057148
224057120
224057015
224056952
224056859
224056760
224056593
224056470
224055531
224055524
224055319
224055292
224054707
224054342
224054340
224054284
224053965
224053838
224053651
224053356
224052718
224052672
224052159
224051745
224051723
224051703
224051041
224050820
224050804
224050664
224050497
224050424
224049990
224049962
224049924
224049911
224049261
224048957
224048781
224047998
224047952
224047839
224047766
224047280
224047264
224046456
224046304
224046294
224045931
224045910
224045771
224045642
224045122
224044958
224044831
224044608
224044390
224044045
224044029
224044000
224043974
224043449
224043129
224043102
224042907
224042740
224042193
224041990
224041036
224040953
224040410
223866508
223833981
223808990
223793474
223748855
223384381
223299619
223069195
223042235
222939614
222895907
222684299
222659100
222451685
222408882
222310769
221891623
221866983
221676636
221609572
221577338
221456966
221383450
221285421
221270541
221019656
220810288
220744881
220718789
220657716
220530725
220478132
220196646
220098029
219476413
219373289
219292200
219233315
219190794
219129647
219115526
219050459
218996165
218947791
218936337
218153403
218075096
217882368
217817391
217815370
217677936
217493592
217441665
217405817
217248652
217178530
217073408
216778958
216637071
216541292
216430887
216294091
216134213
216018422
215883060
215689696
215410993
215216582
215189172
215181304
215142156
215086016
215070872
215036886
214990407
214688091
214609878
214570092
214486122
214337187
214316905
214298999
214101681
214092148
214043589
213966808
213872285
213841358
213570932
213561185
213550892
213537069
213510772
213354848
213225102
213124779
213006185
212925850
212808008
212787096
212713964
212565017
212562446
212002469
211938828
211817361
211810322
211692246
211576940
211441152
211075344
210785454
210672978
210532355
210505977
210477635
210393566
210183999
210152047
209746436
209681183
209429751
209234938
209212403
209199706
209171724
209101049
208970289
208902736
208897276
208882838
208830668
208704868
208673988
208609547
208572344
208534374
208448132
208322773
208095279
207767220
207764578
207763187
207469696
207405680
207022917
206959813
206868130
206638316
206620572
206579700
206559998
206450614
206337729
206286780
206262089
206235449
206128076
206092170
205925714
205803173
205614582
205555916
205547491
205544490
205396046
205309608
204989887
204793537
204733940
204702466
204678171
204640780
204636586
204302106
204260631
204221386
203897077
203849488
203791289
203789303
203625100
203578492
203546837
203533253
203457751
203220077
203122550
203065660
202812476
202676337
202641882
202623048
202584023
202564992
202539648
202533996
202456144
202439214
202290695
202241127
202229643
202194842
202161250
202051827
201928316
201924549
201839318
201821666
201722252
201628323
201587346
201212803
201091913
200992448
200948801
200919362
200886573
200878179
200781987
200689267
200362620
200242039
200098335
200087287
200077595
199893830
199885733
199845219
199788168
199675109
199648168
199620914
199583346
199578755
199562548
199508304
199471695
199311872
199273352
199247145
199199560
199119569
199093362
199065267
198961058
198784604
198668112
198657420
198497303
198459254
198399128
198270884
198203040
198092301
197969039
197867737
197860557
197813790
197724401
197708838
197596977
197554183
197377954
197269056
197193654
197133175
197075292
197042893
197014165
196900482
196644397
196435537
196424779
196247354
196107718
195957983
195885124
195874943
195845253
195840990
195839207
195533677
194482233
194473708
194422645
194331703
194330275
194255870
194207564
194172248
194099551
194061118
193980861
193916034
193864141
193823354
193795349
193423279
193324302
193079519
192871100
192834496
192777614
192649149
192612052
192595049
192289118
192237351
192071343
192069842
192006039
191873210
191751939
191429492
190722031
190663015
190656141
190584223
190414633
190228959
190180966
190179014
190102798
189892650
189724538
189603568
189542610
189514985
189313339
189304142
189163333
188980206
188887225
188765396
188757681
188752379
188746157
188739700
188552165
188356209
188315532
188293481
187856829
187730739
187645166
187476469
187457170
187423800
187205223
186675416
186672864
186301315
186285629
186249679
185450758
185309914
185231130
185127245
184891460
184758655
184593828
184511150
184410290
184214491
184187301
184178912
184105107
183867469
183863930
183798026
183675510
183642956
183386110
183280489
183201945
183109251
183012443
182917236
182840736
182789533
182623766
182336785
182275753
182230683
182112196
182076243
182069512
182055954
182015289
181857977
181814905
181677754
181431134
181287589
181050416
181008155
180988242
180680616
180618508
180569672
180097380
179883657
179643871
179586867
179458992
179399141
179374943
179229945
179182288
178875137
178767878
178704628
178592860
178491487
178412845
178152025
178094233
177985710
177944673
177861821
177854783
177831504
177821702
177748686
177664202
177610143
177529395
177524939
177340174
177330068
177287209
177230608
177179523
176938877
176858519
176713124
176636181
176619157
176600306
176414130
176405391
176382084
176301365
175891050
175828277
175745892
175725579
175401712
175247759
175217244
174773653
174739772
174709190
174605572
174595029
174574228
174535977
174513432
174431767
174428736
173768008
173646823
173342496
173251424
173148381
173108872
173099487
172854958
172835826
172797284
172441868
172387828
172370682
172327587
172249133
172214287
172206930
172205992
171799591
171561666
171551933
171420751
171253882
170941561
170808901
170651021
170642128
170568172
170541223
170483094
170482260
170231671
169940930
169924401
169756752
169658755
169603850
169596878
169551483
169277950
169215493
168989758
168891473
168576707
168465931
168427960
168357241
168320406
168249402
168061975
167999217
167948721
167849094
167694095
167672614
167553993
167524811
167324248
167194479
166990191
166917181
166834688
166735790
166721237
166660235
166596130
166545229
166449392
166384201
166279139
166239598
166202576
166135144
166070237
166068550
165954227
165923933
165896918
165673178
165599405
165584050
165559231
165155063
165099177
165084280
165019285
164973490
164946338
164920190
164909275
164746495
164701636
164671674
164578271
164533790
164448672
164202940
164175687
164004405
163860819
163758191
163640959
163572860
163528183
163399942
163395360
163390697
163216552
163172356
163156270
163148792
163018592
162983113
162944871
162944680
162938310
162921237
162823966
162780306
162750316
162633956
162418900
162283810
162098489
162015948
162000023
161901328
161694362
161539595
161405373
161356531
161214723
161031659
161018360
160820526
160817044
160787079
160747085
160682526
160591946
160516974
160493552
160470683
160440550
160266026
160160684
159926154
159559869
159377959
159305818
158989973
158892358
158859369
158847234
158831971
158827367
158763860
158740845
158657171
158628886
158532395
158513190
158470616
158449201
158434270
158427300
158421586
158374192
158232644
158146597
158106208
158105121
158096834
157829390
157821355
157771152
157765890
157600814
157586623
157561198
157331235
157176758
157092632
157069093
156829805
156829052
156585944
156298595
156151011
156072764
155897848
155857163
155763631
155616063
155590218
155537649
155451236
155357553
155152420
154859823
154784871
154213851
153948039
153909840
153778351
153652336
153491438
153470294
153391862
153351643
153265824
153133724
152827005
152792688
152751745
152728505
152197077
151743914
151698850
151327033
150631398
150400587
150370572
150354915
150218616
150132935
149925294
149897737
149810877
149785348
149687507
149615308
149540896
149414052
149304399
148828893
148778870
148316497
148308614
148126825
148023882
147794821
147789426
147697000
147601768
147591695
147420492
147326872
147271472
147003979
146950160
146814433
146787450
146738559
146657577
146605417
146595406
146084571
145993622
145179007
145178665
145138256
144760698
144666834
144536847
144534573
144529649
144464145
144460327
143851659
143722245
143649017
143576071
143273464
143105661
142947029
142916084
142867215
142835332
142688656
142679930
142247940
142162735
142078460
141991939
141841849
141277733
141184077
140738724
140733846
140674112
140661536
140569369
140537372
140510658
140508556
140337526
140009317
139960774
139923652
139900309
139819207
139753132
139320053
139147827
139075943
139052896
138232199
138219372
138173400
138133926
137442470
137436383
137322970
137167601
137074162
136995706
136924891
136786464
136395438
136313963
136260901
136166487
136162439
136026846
136022990
135884974
135858001
135689985
135510687
135379407
135107731
134879017
134243432
134038201
133986176
133893134
133859371
133852076
133798328
133636886
133603332
133576539
133456664
133347621
133318984
133215324
133119132
133118511
133068007
133057678
133044564
133034584
133032513
132922355
132847883
132768397
132731740
132571529
132480196
132464667
132385160
132363435
132271781
132257824
132151888
132085940
131947853
131619944
131558060
131498911
131483120
131425239
131415522
131088402
131061901
130824406
130650652
130419370
130276932
130270698
130068459
130035554
129932735
129913435
129888985
129748758
129687987
129562676
129407717
129333859
129284485
129214080
129213244
128719478
128625626
128469497
128417128
128349541
128160172
128142287
128003761
127845242
127779688
127754823
127521269
127510396
127464504
127459240
127316246
127139878
127118023
127090234
126950086
126931209
126713625
126485285
126438036
126249794
126216883
126009563
125990152
125831075
125716695
125526882
125505229
125470685
125462609
125143272
125001096
124795848
124735743
124571035
124410083
124349416
124285053
124128221
124057240
123994352
123936603
123584392
123564637
123466692
123391648
123365904
123248302
123205026
123043312
122950198
122681632
122551239
122424875
122419161
122348476
122239339
122211980
122097296
122077194
121966196
121853361
121845826
121703202
121637996
121587769
121559648
121530750
121366518
121343081
121287785
121268362
121248549
120967950
120801748
120787230
120566470
120541541
120519830
120490456
120314072
120132633
119921956
119874115
119847821
119711428
119677758
119629347
119579616
119137220
118810183
118799838
118775504
118767837
118765477
118622676
118558010
118515354
118494847
118475214
118443868
118434715
118432608
118304953
118193592
118101819
118040592
118037611
117868105
117811948
117718675
117695603
117525591
117147881
117050684
116936468
116754388
116394084
116372149
116226988
116123634
115924065
115818996
115800157
115775523
115775214
115602895
115548566
115416087
115375240
114964799
114784886
114714568
114698017
114624397
114581512
114502899
114425606
114310176
113845270
113792161
113583403
113520734
113478868
113414706
113397250
113194907
113169382
113138909
112898110
112702639
112637959
112591244
112493229
112479198
112298402
112249258
112167122
112142550
112049143
111903496
111863534
111775315
111751382
111744724
111511624
111397546
111306087
111249752
111194689
111169793
111107935
111099310
111085365
111032744
110982194
110968808
110860842
110842938
110819932
110557288
110495499
110457291
110346601
110212334
110114310
109806742
109792873
109752748
109741886
109737079
109443876
109443402
109436463
109238424
108981229
108951833
108938660
108933461
108894089
108857169
108743031
108672583
108582377
108558014
108542219
108394478
108187394
108148520
108138829
108109365
107988123
107799613
107741627
107730904
107658746
107553141
107510729
107372358
107371898
107225599
106971406
106825278
106759824
106757315
106446409
106249664
106206544
106053304
106047964
106025874
106004803
105946485
105916805
105787361
105755967
105697022
105500868
105381961
105346024
105310957
105205703
105185572
105093465
105011631
104952893
104944336
104940909
104918675
104893287
104608919
104523514
104455341
103974603
103722759
103529968
103162937
103082525
102469951
102367205
102283333
102254801
102224585
102076013
102038725
101942677
101918474
101891986
101741087
101520152
101499995
101112215
101110155
101036018
101022499
100891639
100700204
100409247
100385612
100366174
100327552
100235915
100178559
100132599
99976726
99934542
99824076
99789835
99677143
99493128
99296853
99264305
99021081
99003485
98984031
98888310
98782986
98702166
98337697
98168306
98087879
98001786
97912365
97829145
97719095
97459404
97430629
97382575
97358825
97316593
97267270
97212979
97201013
97165723
97138670
97102056
97100538
96992180
96830069
96784806
96688278
96651758
96586067
96559353
96375725
96362193
96357265
96355614
95924901
95850611
95631481
95598938
95511152
95430871
95383240
95363095
95360451
95356490
95351426
95270668
95080980
95044169
94939602
94863368
94802903
94749447
94742588
94188256
94187694
94181840
94181716
94128341
94074259
94006486
94004444
93993497
93982899
93973796
93785101
93673658
93559704
93441517
93090219
93040382
92761605
92551533
92476301
92335375
91717535
91681218
91559744
91387842
90969359
90883242
90879163
90860720
90784148
90783168
90712374
90703658
90595234
90566426
90484316
90482117
90474628
90437903
90356099
90320644
90274080
90214308
90183694
90167373
90123100
90021072
89984627
89915665
89895950
89741484
89717879
89612499
89468937
89358359
89332571
89272912
89084941
88851529
88716943
88669797
88621640
88020520
87995551
87991658
87979384
87966326
87948594
87917244
87885280
87883914
87859070
87812202
87767639
87745100
87634864
87578591
87557691
87503936
87420720
87390045
87260175
86935423
86839709
86801734
86572319
86494574
86355856
86242323
86237850
86221993
86181320
86170773
85920069
85650169
85549844
85523402
85448286
85430743
85211367
85112477
85028892
85022324
84921350
84896400
84837669
84798443
84705941
84671932
84584347
84548871
84529011
84491990
84490714
84439987
84435583
84403846
84388962
84196659
84193954
84182455
84179968
83973256
83951542
83552129
83340579
83194247
83086583
83053596
82929541
82925337
82828657
82522006
82493951
82459070
82436364
82401315
82371677
82109960
81856520
81722634
81690136
81648072
81335165
81196866
81188449
81020049
81000904
80878336
80825964
80672579
80578188
80575497
80543327
80436412
80417405
80370012
80303176
80294306
80214327
80119609
80053947
79821721
79711774
79656903
79389626
79296200
79232968
79134771
79029610
79014405
78945249
78895556
78845299
78830718
78803752
78774691
78772292
78533531
78509038
78030657
77997417
77988805
77973427
77812998
77589917
77520736
77352758
77296771
77030033
76941185
76512508
76436946
76364587
76157159
76056762
75924583
75767073
75660567
75379458
75344437
75296319
75260132
75253610
74615818
74508966
74460198
74340985
74329257
74314889
74137715
74046014
74027110
73725698
73602561
73218736
73007524
72912712
72856860
72784281
72669385
72162008
72088035
72080589
71839912
71718222
71494989
71406477
71214803
71128866
70883704
70854800
70777834
70709359
70608435
70541277
70463020
69841706
69741889
69700214
69690980
69637332
69598040
69582508
69491948
69164351
69143125
68974432
68690554
68661965
68321425
67778654
67611513
67577428
67012787
66992548
66810941
66418603
66310328
66291502
66127464
66103620
66080022
65547836
65481043
65465377
65351222
65282767
65276468
65073272
64992452
64925503
64589755
64589436
64336574
63791196
63601941
63434441
63414143
63252568
63143764
62746426
62657659
62610504
62481322
62462571
62169855
61968273
61749551
61382497
60839240
60744330
60743832
60734453
60654420
60598808
60533541
60452001
60379849
60229418
60179697
60125588
59980964
59918576
59590807
59440576
59413291
59000830
58656980
58656906
58642968
58580257
58548792
58489007
58287913
58089157
57992934
57961016
57813827
57810721
57642646
57463856
57444677
57386593
57376486
57242219
57232802
57115130
57106022
57090600
56892977
56853059
56697543
56610635
56573769
56477956
56219991
55752290
55625236
55486651
55397954
55180414
55168130
55144912
54990506
54819247
54516739
54132590
53913121
53864375
53844682
53706598
53668853
53647918
53587776
53476141
53419653
53403399
53399362
53387656
53333470
53324913
53231636
53213653
53197847
53019800
52951060
52917242
52842720
52823902
52754774
52741651
52591317
52339590
52292827
52233811
51822089
51713525
51681376
51579610
51537736
51459290
51456720
51453712
51442678
51436436
51334744
51087796
51030499
51029724
51006912
50985901
50847963
50700191
50533995
50506132
50469919
49661262
49399950
49386353
49323129
49146390
49070570
48770948
48565739
48087406
48060679
48039659
47991979
47940846
47917484
47908119
47897252
47887511
47868117
47821421
47813274
47630534
47508993
47496703
47314632
47138095
47135259
46933835
46731566
46633526
46627875
46280307
46248800
46171576
46155516
46083988
46066623
46021862
45974186
45954951
45908161
45764752
45423184
45331712
45296861
45265496
45194570
44887852
44837737
44704780
44588396
44563746
44550197
44483198
44389928
44304013
44012100
43946104
43928983
43478738
43391894
43389960
43322206
43279606
43263704
43208564
43064840
43022300
42770452
42518342
42446067
42434649
42255450
42060821
42023376
41934018
41912481
41666299
41443728
41252305
41248478
41155909
41138386
41094268
40856117
40814886
40576190
40576013
40489811
40437432
40430162
40237230
40018278
40009525
39894081
39792203
39696936
39600195
39529946
39516283
39496105
39493296
39457020
39411980
39370595
39150070
38937446
38560188
38491339
38087063
38083248
37949517
37910288
37728765
37718815
37562611
37539746
37512880
37492952
37299172
37108639
37086731
37052411
36978036
36801278
36754151
36681788
36642673
36617679
36559033
36345741
36296248
36277834
35329664
35267981
35258734
35254125
35220794
35046644
35021169
34975730
34935943
34477095
34440670
34300772
34273886
34243983
34241564
34220284
33747300
33707224
33664573
33543170
33499365
33427972
33395598
32879571
32747204
32668004
32263808
32181034
31923688
31884380
31870620
31765945
31753112
31741179
31721579
31712858
31651704
31624022
31585800
31443201
31413219
31410297
31401813
31399005
31366510
31278228
31164923
30859246
30845649
30692507
30583472
30456576
30387633
30381084
30374011
29847253
29696656
29365485
28981254
28816357
28797910
28778559
28777117
28763397
28753832
28693276
28581285
28542523
28509080
28341767
28308737
28154430
28084789
28074686
28016492
28006885
27951980
27897074
27858664
27836987
27775264
27670687
27420830
27378656
27253911
27141267
27096984
27094115
27091481
27071820
27037317
26897444
26637939
26476051
26433666
26268622
26071330
26051865
26050849
25994943
25929138
25787971
25719919
25712642
25709742
25486560
25412762
25411449
25333494
25219843
25118330
25062515
24892209
24862932
24798922
24669246
24627093
24564633
24307445
24265787
24175853
24097272
23980119
23941747
23919262
23846054
23835434
23643002
23511389
23412933
23400589
23321384
23242905
22949366
22947415
22931334
22924001
22919219
22900440
22702286
22464099
22456356
22449829
22407894
22380458
22319986
21942612
21864610
21845932
21843304
21751258
21720623
21485510
21420291
21315064
21227196
21214390
20960806
20936051
20810521
20748409
20732979
20700618
20676546
20621434
20557288
20539743
20531440
20499514
20497859
20442434
20371282
20049073
19994631
19991897
19858062
19848714
19825414
19771340
19742508
19720863
19643393
19615523
19522503
19508060
19498238
19464734
19448308
19432648
19329432
19235120
19201832
19195959
19111806
18917222
18804121
18747123
18717114
18700112
18065888
18036401
17875059
17852331
17618160
17577086
17564835
17517059
17483083
17454580
17298041
17237439
17196381
17124462
16981118
16888447
16820032
16819225
16816855
16744906
16691619
16616566
16577527
16530571
16509139
16489572
16466402
16340611
16216135
16207634
16181620
16097211
16091801
15976471
15904692
15751248
15736012
15494719
15200178
15122375
14888553
14859982
14706468
14554936
14072248
13938564
13683543
13637343
13591917
13560025
13477905
13365140
13306495
13284370
13262952
13261505
13067009
13026128
12880494
12687238
12635714
12634321
12503903
12470038
12411692
12323321
12044281
12005236
11954146
11949234
11926947
11820573
11690733
11603502
11503938
11491932
11460777
11448196
11441169
11418685
11359536
11318767
11178943
11176789
11117240
11106509
11042031
11019875
10953955
10801098
10767979
10713912
10586642
10504520
10468410
10448585
10426717
10413984
10246518
10207054
10035881
9737536
9681297
9390185
9333593
9332223
9309821
9294277
9170452
9032667
8895842
8877234
8760135
8717758
8715524
8553633
8490349
8450249
8450004
8411475
8387756
8350453
8348510
8274685
8113672
8062502
7914510
7907781
7803546
7780566
7596418
7590302
7530603
7348291
7242548
7188625
7182482
7104129
6777305
6708845
6511645
6492832
6435946
6402665
6270086
6242456
6164349
6153896
6083117
6008939
5888027
5694417
5587532
5587398
5465411
5377520
5376548
5186519
5102805
5075167
5038861
4983674
4981465
4905955
4852034
4821071
4799208
4768226
4647502
4462885
4459751
4431425
4395828
4055276
3944827
3876007
3446591
3396630
3170098
3158569
3000103
2886014
2872083
2855431
2785212
2757345
2722463
2605611
2439308
2387896
2264939
2240252
2189578
2174781
2127655
2087923
2082936
1989794
1977297
1949736
1829133
1668060
1659503
1544540
1476358
1365781
1345159
1324820
1238498
1238134
1237986
1237472
1237365
1237166
1237041
1236897
1236846
1236765
1236677
1236493
1236407
1236326
1235768
1235700
1235550
1235411
1235268
1235137
1235134
1234864
1234386
1233639
1233599
1233334
1233226
1232980
1232924
1232712
1232701
1232235
1231847
1231760
1231586
1231571
1231281
1230882
1230406
1230247
1230168
1229853
1229831
1229673
1229527
1229319
1229291
1229276
1229217
1228710
1228556
1228290
1228247
1228002
1227930
1227922
1227864
1227731
1227670
1227570
1227325
1227039
1226633
1226620
1226334
1226326
1225620
1225513
1225494
1225185
1225118
1225057
1223995
1223939
1223822
1223816
1223457
1223384
1223007
1222998
1222248
1222231
1222172
1221981
1220843
1220779
1220629
1220379
1220373
1219897
1219777
1219570
1219538
1219234
1219181
1218456
1218143
1217927
1217723
1217656
1217630
1217505
1217183
1217073
1216979
1216854
1216685
1216661
1216656
1216436
1216393
1215954
1215929
1215925
1215851
1215774
1215732
1215705
1214165
1210972
1209524
1209408
1209318
1209129
1209099
1209014
1208994
1208710
1208593
1208410
1208347
1208143
1207892
1207653
1207636
1207372
1207141
1206187
1206181
1206158
1206080
1205964
1205882
1205664
1205540
1205194
1205125
1205051
1205029
1204749
1203599
1203525
1203471
1203336
1202956
1202953
1202919
1202831
1202612
1202511
1202451
1202351
1202213
1201547
1201436
1201409
1201127
1200712
1200254
1200106
1199911
1199850
1199837
1199602
1199385
1199319
1199030
1198752
1198735
1198310
1198261
1198234
1197805
1197773
1197631
1197618
1197612
1197611
1197516
1197442
1197380
1197108
1196991
1196938
1196866
1196849
1196641
1196364
1196146
1195404
1195329
1195088
1194688
1194086
1194059
1193992
1193816
1193690
1193255
1193142
1193099
1192900
1192656
1192524
1192262
1191982
1191876
1191487
1190844
1190065
1189939
1189459
1189410
1189267
1188971
1188765
1188718
1188463
1188280
1188236
1188162
1187875
1187421
1187395
1187253
1187093
1186895
1186891
1186531
1186156
1185919
1185911
1185534
1185513
1185442
1184759
1184696
1184600
1184059
1183845
1183647
1183590
1183461
1183405
1182988
1182435
1182152
1181825
1181760
1181695
1181453
1181120
1180811
1180284
1179900
1179526
1179347
1179279
1179057
1178908
1178785
1178719
1178705
1178645
1178365
1177931
1177794
1177699
1176963
1176748
1176589
1176482
1176424
1176301
1175717
1175689
1175580
1175430
1175087
1174883
1174726
1174548
1174272
1173218
1172583
1172171
1172059
1172032
1171749
1171004
1170917
1170182
1169993
1169988
1169936
1169865
1169420
1169271
1168779
1168703
1168547
1168535
1168526
1167910
1167908
1167710
1167577
1166537
1166186
1165867
1165733
1164955
1164817
1164598
1163710
1163505
1162745
1162403
1162049
1161795
1161613
1160851
1160691
1160566
1160545
1160293
1160207
1160108
1160097
1160050
1159872
1159812
1158639
1158132
1157840
1157519
1157136
1157113
1156987
1156963
1156922
1155759
1155466
1155430
1155405
1155291
1155055
1154827
1154270
1153756
1152093
1151838
1151365
1151318
1151075
1151036
1151002
1150609
1150479
1150204
1149655
1149126
1149121
1149067
1148611
1148205
1147896
1147080
1146342
1146328
1146008
1145944
1145936
1145893
1145657
1145605
1145421
1145331
1145235
1145064
1144854
1144687
1144540
1144373
1143517
1143418
1143302
1142305
1141986
1141675
1141651
1141640
1141542
1141239
1141100
1140980
1140514
1139869
1139090
1138469
1138011
1137647
1137616
1137328
1136426
1136246
1136099
1136079
1135691
1135500
1135452
1134764
1134589
1133346
1132815
1132768
1132626
1132378
1132317
1132237
1131953
1131925
1131486
1131469
1131208
1130396
1130233
1130217
1129093
1128407
1128185
1127942
1127700
1127499
1126892
1126622
1126196
1125590
1125512
1125473
1124805
1124559
1124422
1124396
1124365
1124131
1123992
1122572
1122478
1122283
1121452
1121367
1121366
1121359
1120655
1120325
1118476
1118277
1118238
1117740
1117691
1117387
1117032
1116836
1116211
1116191
1115901
1115844
1115825
1115399
1115310
1114516
1114351
1114226
1113340
1113253
1112161
1112075
1112044
1111780
1111521
1111373
1111222
1111189
1110486
1110397
1109574
1108892
1108710
1108190
1107154
1106524
1106163
1106114
1105876
1105700
1105233
1104825
1104430
1103873
1102720
1102611
1102370
1102270
1102202
1101960
1101853
1101769
1101388
1101340
1100769
1099946
1099926
1099923
1099577
1099105
1098718
1098565
1098291
1098272
1098221
1097898
1097798
1097191
1097008
1096880
1096284
1095536
1095514
1095003
1094329
1094261
1094137
1094071
1093917
1093653
1093532
1093166
1092871
1092800
1092023
1091955
1091537
1091080
1090852
1090480
1090467
1090013
1089333
1089205
1088740
1088536
1088188
1087809
1087465
1087410
1087220
1086801
1086560
1086420
1086300
1086258
1084882
1084606
1084566
1084450
1083658
1083175
1083134
1082850
1082282
1082179
1081538
1081515
1081469
1081412
1081311
1081272
1081191
1081047
1080888
1079986
1079259
1079114
1078927
1078899
1078586
1077878
1077717
1077283
1077127
1076946
1076683
1076205
1076190
1076014
1075884
1075366
1075335
1075150
1075135
1074990
1074896
1074781
1074688
1074516
1073796
1072791
1072760
1072140
1071716
1071332
1071228
1070879
1070813
1070697
1070592
1070116
1069381
1067613
1067592
1067343
1066729
1066167
1066151
1065729
1065528
1064835
1064705
1064681
1064332
1063990
1063532
1063529
1063457
1063268
1062606
1062455
1062388
1062312
1061948
1061838
1061753
1061536
1061450
1061036
1061022
1058997
1058643
1058406
1057995
1057550
1057494
1057448
1057434
1057406
1057192
1057102
1057082
1056926
1056222
1056035
1056012
1055816
1055714
1055530
1055275
1054784
1054762
1054689
1054592
1054576
1054531
1054390
1053774
1053405
1052918
1052821
1052818
1052720
1052618
1052471
1052286
1051980
1051509
1051500
1050723
1050308
1050261
1050123
1049849
1049830
1049735
1049703
1049541
1049215
1048834
1048540
1048418
1048375
1048347
1048342
1048334
1048324
1048310
1048303
1048294
1048286
1048276
1048269
1048261
1048257
1048252
1048241
1048229
1048221
1048209
1048199
1048188
1048178
1048169
1048161
1048147
1048145
1048135
1048121
1048114
1048111
1048104
1048098
1048084
1048080
1048077
1047927
1047541
1047364
1047274
1047231
1047166
1046974
1046795
1046784
1046511
1046364
1046309
1046005
1046002
1045718
1045634
1045540
1044886
1044513
1044219
1044209
1044002
1042881
1042409
1042395
1042090
1042070
1042029
1041706
1041445
1041382
1041188
1041174
1040680
1040677
1040203
1040154
1040105
1039394
1039250
1039099
1038413
1038266
1038217
1037808
1037777
1037694
1037663
1037591
1037531
1037528
1037402
1037147
1037127
1036871
1036427
1036152
1035782
1034926
1034135
1034038
1033932
1033686
1033061
1032996
1032886
1032719
1032409
1032389
1032146
1031928
1031916
1031763
1031602
1030601
1030508
1030299
1030223
1030133
1030016
1029938
1029331
1029029
1028828
1028804
1028725
1028388
1027084
1026943
1026721
1026578
1025907
1025634
1025571
1025444
1025281
1024172
1023672
1023613
1023340
1023257
1023060
1022999
1022696
1022452
1021860
1021787
1021284
1021232
1021135
1021045
1020910
1020667
1020492
1020481
1019705
1019682
1019649
1019490
1018750
1018624
1018522
1017926
1017519
1017006
1016383
1015982
1015566
1015399
1015398
1014883
1014128
1013945
1013934
1013407
1013025
1012752
1012522
1012036
1011936
1011695
1011680
1011640
1011630
1011005
1010870
1010758
1010267
1009942
1009695
1009662
1009442
1008055
1006575
1005986
1005926
1005325
1004986
1004009
1003692
1003679
1003552
1003525
1003438
1002752
1002740
1002706
1002665
1002602
1002312
1001319
1001003
1000509
1000488
999648
999142
998875
998854
998470
998242
998039
997905
997449
997187
997150
996451
995604
995585
995208
994498
993894
993794
993698
992136
991167
990908
990322
990260
990225
990160
990117
989951
989627
989150
988881
988841
988820
988750
988677
988136
988043
987787
986980
986865
986802
986290
986268
986197
986136
986128
985451
985410
985265
985056
984613
984215
984029
984020
984000
983937
983413
983402
982907
982330
982188
982163
982120
981758
981744
981659
981149
980795
980608
980588
980347
980315
980061
979684
979582
979497
978884
978708
978613
978331
978190
978106
977415
977232
977073
976627
976411
976142
976098
976095
976056
976035
975952
975489
975416
975298
975132
974967
974938
974739
974643
973840
973684
972932
972499
972121
971997
971808
970961
970927
970593
970005
969609
969587
969033
968770
967682
967638
967552
967447
967412
967325
967024
966461
966364
965927
965341
965282
965110
965043
965021
964995
964782
964775
964682
964365
964142
964054
964051
963858
963635
963152
962938
962691
962636
962496
962278
962005
961619
960820
960750
960708
960496
960400
960355
960173
960133
960083
960073
959881
959173
959138
959072
958734
958602
957704
956944
956811
956387
956304
956189
956148
956122
956094
956044
955994
955974
955739
955704
955687
955672
954999
954756
954358
954236
953692
953024
952944
952711
952562
952408
952383
952374
952364
952035
951307
950338
950159
949872
949835
949690
949386
949175
949030
948841
948553
948536
948452
948329
948249
947879
947352
947198
946863
946853
946630
946612
946558
946522
946456
946094
945932
945850
945340
945116
944833
944730
944307
944086
944082
943916
943652
943624
943589
943552
943492
943062
942887
942297
941249
941185
940917
940911
940738
940696
940377
940293
940119
940062
940029
939949
939930
939865
939856
939314
938914
938203
938141
938067
937396
937222
936861
936693
935510
935191
935011
934803
934614
933326
933099
933097
933092
933063
932982
932894
932562
932543
932450
932434
932102
931780
930849
930690
930674
930330
930007
929680
929612
929576
929408
929125
929082
928835
928430
928425
927518
927425
926825
925963
925893
925729
925461
925435
925107
925087
925024
924827
924802
924720
924619
924550
924520
924392
923920
923869
923740
923219
922565
922429
922158
922037
921991
921659
921027
920393
919942
919708
919682
919228
919009
919004
918469
918453
918296
917830
917781
917502
917379
917243
916779
916729
916544
916096
916028
915858
915743
915668
915635
915346
914917
914716
914606
914499
914295
913996
913958
913918
913895
913155
912628
912582
912456
912246
912021
911521
910611
909557
908968
908762
908519
908412
908169
908054
907940
907935
907591
907334
907311
907026
906615
905562
905345
905246
905244
904561
904450
904416
904255
904039
903393
903355
903278
903077
902987
902944
902813
902800
902716
902715
902316
902141
902123
902018
901989
901947
901826
901313
901170
900894
900794
900741
900694
900631
900578
900542
900478
900458
900198
899919
899773
899680
899167
898961
898218
898141
898113
897980
897881
897780
897748
897720
897708
897565
897563
897519
896820
896789
895789
894938
894290
894134
893766
893387
893187
891499
891231
891159
891127
891072
891015
890501
890416
889712
889554
889292
888521
888141
887039
886758
886656
886454
886271
886066
885912
885645
885644
885636
885619
885366
885170
885111
884922
884594
884131
883426
883118
883058
882945
882855
882789
882503
882423
882357
881665
881623
881485
880946
880558
880451
879733
879007
878628
878505
877996
877810
877710
877532
877400
877318
877227
877141
877109
877012
877000
876887
876876
876854
876576
876537
876347
876061
875869
875769
875417
875071
875050
874916
874168
873028
872861
872671
871721
871102
870979
870873
870767
870074
868249
867595
867495
867461
867115
866981
866287
865805
865665
864698
864393
864301
863754
863741
863204
862276
862122
862036
861858
861755
861621
861499
860981
860142
860122
859682
858336
858199
858193
858052
857379
856709
856432
856360
855902
855886
855362
855140
854947
854928
854775
854595
854355
854334
854243
853787
853675
853505
852971
852819
852493
852119
851996
851831
851782
851626
851537
850972
850865
850642
850455
850431
849685
849463
849030
849002
848597
848335
848250
847560
847358
846971
846967
846466
846460
846282
846269
846242
846081
845575
844686
844101
843997
843985
843571
843357
843345
843327
843101
842672
842639
842163
841893
841830
841722
841586
841222
841118
840991
840875
840839
840586
840198
839916
839850
839693
839653
839439
839090
838998
838525
838520
838511
838493
838095
837802
837701
837533
837435
837247
837050
836435
836400
836281
835745
835501
835110
835092
834907
834776
834739
834463
834338
834007
833941
833698
833329
833305
833224
833200
833069
832848
832738
832714
832344
832147
832032
831915
831826
831735
831408
831398
831146
830967
830757
830419
830114
829284
828967
828846
828699
828463
828170
827884
826931
826270
826092
825479
825400
825179
824616
823843
822842
822565
822168
821780
821596
821401
820743
820191
820157
820141
819933
819842
819664
819494
819362
818966
818794
818449
817587
817123
817087
816982
816757
816678
816656
816412
815923
815915
815835
815634
815047
814556
814545
814045
813916
813574
813404
813399
813392
813382
812835
812359
812264
812209
812140
811183
811119
811105
811081
810679
810652
810611
810219
809960
809722
809369
808640
807981
807607
807566
807470
806851
806800
806782
806605
806542
806407
806152
805414
804929
804534
804488
804283
803903
803798
803792
803777
803765
802699
802635
802512
801593
801031
800549
800153
800019
799829
799606
799564
799432
799079
799070
798188
797121
797043
796931
796875
796607
796528
796443
796407
795954
795831
795435
795411
795379
795346
794949
794921
794668
794435
794180
794047
794019
793572
793537
793423
793213
793035
792778
792765
792680
792524
791828
791528
791172
790431
790245
790190
790090
790001
789961
789691
789381
788833
788220
788149
787770
786392
786346
786200
786175
785980
785884
785861
785853
785659
785568
785517
785504
785157
784719
784624
784513
777442
777409
776998
776957
776915
776844
776719
771274
771066
769427
768867
768544
768277
767139
766691
766310
766184
765820
765774
765338
765300
765048
764511
763651
763575
763189
763056
762814
762284
761782
761312
761255
760654
760644
760624
760597
760395
759769
759145
759010
758851
758807
758754
758244
758156
758011
757973
757897
757772
757676
757675
757365
757360
757350
757272
757228
757219
757150
757085
756567
756533
756483
756449
756225
755889
755484
755440
755123
755077
755032
754939
754762
754599
754484
754453
754392
754205
753989
753683
753615
753613
753278
753191
752845
752743
752737
752401
752336
752334
752285
751842
751708
751612
751384
751256
751042
750883
750859
750801
750229
750039
749382
749355
749289
748993
748640
747932
747912
747863
747788
747634
747585
747519
747353
747256
746731
746589
746505
745813
745768
745457
745424
743722
743576
743386
743324
743314
743172
743070
742998
742580
742271
741380
741373
741367
741206
740633
740352
740336
740296
739431
739224
739161
738911
738658
738601
738573
738036
737303
737049
737017
736779
736761
736596
736535
736377
736149
736100
736081
734849
734326
734001
733786
733629
733624
733124
732997
732987
732984
732978
732967
732726
732616
732414
731831
731622
731096
731055
730917
730873
730813
730755
730738
730698
730697
730658
730578
730572
730496
730137
730110
730043
729923
729661
729204
728802
728614
728112
728000
727520
727514
726942
726692
726369
726205
726196
726019
725861
725855
725784
725540
724742
724621
724250
724156
723581
723552
723427
723348
722906
722796
722634
722569
722331
722327
722005
721293
721053
720943
720850
720830
720686
719792
719561
719234
718615
718583
718335
718240
717954
717757
717631
717239
716888
716267
716076
715899
715504
715183
715105
714453
714415
714367
714005
713423
713405
712710
712631
712630
712355
711852
711440
711423
711256
710354
710187
709405
709303
709005
708948
708892
708199
708135
708110
708084
707570
707563
707340
707188
707185
707068
706959
706685
706347
706187
705907
705834
705289
705202
704869
704766
704359
704231
704128
703731
703691
703386
702306
702265
701994
701767
701653
701278
700644
700641
700072
699017
698954
698328
698007
697897
697526
697493
697472
696055
695881
695502
695486
695395
695391
695153
694537
694520
693570
693196
693059
692988
692973
692967
692856
692620
692562
692324
692128
692032
691980
691909
691822
691798
691757
691666
691005
690978
690840
690041
689608
689450
688933
687884
687519
687465
687359
686698
686592
686577
686567
686076
686027
686015
685211
685098
685054
684929
684456
684374
684018
684013
683702
683414
683353
683343
682608
682538
681690
681426
681091
680384
680374
680238
680043
679984
679818
679817
679169
678703
678670
677309
676949
676907
676470
676374
676147
676127
675908
675616
675401
675109
674945
674926
674816
674728
674706
674702
674692
673842
673386
672808
671618
671477
671400
671292
671161
670866
670805
670580
670503
669740
669606
669135
669006
668215
665560
664851
663792
663757
663619
662439
662275
662029
661786
661428
661219
660147
660141
659997
659937
659425
658994
658794
658293
657902
657702
657451
657381
657038
656096
655465
655414
655384
655370
655360
654991
654951
654931
654596
654583
654474
653217
652861
652307
651884
651791
651703
651436
651274
650059
649927
649889
649782
649575
649247
649112
649024
649015
648912
648700
648516
648389
648319
648303
648055
647769
647731
647728
647698
646141
645767
645279
645243
644753
644691
644358
644304
644251
644223
643316
643296
642827
642768
642716
642474
642051
641283
640781
640683
640521
640379
640179
639992
639822
639432
638732
637711
637163
636974
636019
635539
635523
635517
635161
634945
634376
633904
633727
633707
633579
633493
632834
632124
631892
631794
631546
631300
631277
631165
630463
630304
629354
629088
628789
628754
628708
628089
627517
627339
626975
626143
626119
625884
625725
624969
624297
624289
624043
623853
622769
622765
622632
622628
621814
621156
620862
620793
620670
620187
619405
619380
619360
619330
619320
619277
619035
617842
617725
617630
617168
617130
616873
616287
615958
615952
615936
615904
615774
615707
615071
614400
614253
614021
613609
612705
612664
612536
612487
612481
612479
612462
611860
611747
611068
610698
610195
609777
609551
609513
609496
608917
608862
608720
608318
607669
607321
607171
606906
606877
606857
606723
606236
606159
606043
605988
605799
604882
604386
604213
604176
603448
603218
603030
602840
602798
602421
602334
601372
601198
600558
599429
599203
598647
598030
597456
597399
597370
597156
597075
596786
596721
596681
596499
596179
596082
595782
595555
595373
594649
594030
593379
593059
593039
592934
592826
592739
592235
592068
591645
591146
591022
590612
590568
590514
590453
590057
590035
589920
589749
589680
589673
589646
589408
589054
588395
588008
588006
587996
587777
587692
587528
587176
586596
586411
586179
585997
585989
585277
585262
585196
585165
585162
585103
585041
584958
584586
583755
583724
583589
583550
583546
583452
583250
582881
582705
582660
582643
582621
582485
582189
581945
581799
581681
581669
581623
581302
581203
581197
580309
580073
579877
579437
579321
578655
578644
578641
578423
578171
578007
577433
576988
576806
576125
576046
575826
575526
575419
575315
575232
574943
574873
574142
573976
573343
573150
573130
572971
572926
572519
572339
571931
571905
571874
571791
570842
570482
570356
570093
569588
569553
569207
568754
568753
568723
568431
567388
567030
566384
566355
566349
566295
566215
565550
565541
565418
565401
565389
565385
565325
564957
564943
564343
563830
563810
563719
563633
563595
563288
562997
562503
562426
562203
562058
561898
561590
561515
561314
561097
561082
561036
560896
560818
560463
560372
560328
559866
559847
559098
558904
558627
558583
558542
558206
558116
558009
557795
557635
557616
557521
557341
557137
556321
555729
554800
554784
554426
554346
554127
554001
553977
553943
553885
553582
553547
553534
553519
553261
553106
552593
552554
551670
551596
551510
551376
551337
550970
550238
549922
549496
549246
549217
549087
548809
548784
548772
548293
548024
547980
547612
547450
547410
547373
547211
547168
546710
546704
546411
546305
546107
545947
545856
545713
545704
545437
545376
545203
545113
544238
543582
543173
542900
542391
542280
542204
541781
541736
541590
541288
541053
540666
540286
540228
539835
539819
539613
539572
539223
539073
538955
538949
538566
538558
538197
537828
537592
537486
537041
536647
536640
536500
536461
536401
536060
536021
534928
534843
534830
534760
534374
534353
534329
534258
533930
533853
533840
533230
533048
533012
532883
532821
532442
532429
532252
532153
532020
531556
530762
530715
530387
530254
530057
529980
528798
528612
527770
527660
527237
527154
526404
526236
525640
525335
525081
524488
524363
523949
523363
523299
523194
523076
523003
522676
522477
522468
522392
521930
521745
520658
520404
520288
519676
518963
518788
518785
518726
518660
518658
518654
518650
518644
518220
518199
518197
518146
517240
516917
516738
516373
516293
515927
515726
515692
515606
515580
515253
515209
514616
514543
514536
514404
514336
514141
514005
513727
513103
512579
512326
511720
511675
511554
511534
511503
511310
511285
511266
510839
510634
510578
510554
510418
510243
510161
510141
510130
509874
509756
509639
509484
508677
508673
508458
508097
507816
507801
507794
507745
507716
507528
507512
507363
507157
506998
506961
506943
506914
506868
506838
506822
506728
506726
506714
506686
506676
506673
506301
505799
505678
505605
505196
504713
504544
503983
503663
503527
503487
503051
503013
502903
502772
502651
502563
502543
502402
502191
501698
501348
501331
501242
501025
500981
500826
500823
500737
500656
500239
500075
499487
499359
499319
499201
499017
498947
498730
498695
498645
497890
497595
497520
496665
496068
496022
495963
495823
495822
495610
495530
495224
495122
494630
494531
494494
494387
494127
494059
493754
493411
493230
493186
493032
492887
492543
492143
492024
491829
491654
491537
491477
491435
491419
491284
491177
491171
490884
490880
490861
490747
490736
490701
490573
490566
490558
490537
490520
490513
490440
490434
490428
490427
490424
490350
490346
490326
490319
490302
490284
490255
490225
490221
490195
490191
490118
490076
490075
490070
489480
489248
489200
488485
488161
488043
487939
487777
487764
487674
487631
487613
487547
487518
487502
487486
487471
487437
487397
487384
487347
487342
487314
487297
487261
487251
487249
487241
487218
487206
487201
487193
487189
487176
487069
487048
486828
486749
486572
486555
486495
486454
485828
485783
485711
485410
485351
485132
484911
484778
484709
484693
484639
484522
484448
484324
484237
484227
484181
484177
484175
484173
484064
484052
483893
483839
483613
483564
483095
483094
482956
482862
482356
482335
482203
481966
481748
481683
481584
481483
481381
481338
481239
481007
480986
480960
480945
480853
480529
480504
480264
480209
479995
479973
479803
479797
479615
479527
479511
478809
478744
478279
478135
478082
477935
477889
477869
477778
477436
476885
476359
476252
476190
476177
475793
475669
475657
475636
475611
475548
475389
475260
475134
475107
475050
474943
474874
474635
474631
474346
474328
474315
474255
474023
473968
473916
473887
473580
473290
473146
472982
472865
472846
472764
472460
472424
472347
472263
472084
472065
471696
471694
471562
471453
471381
471296
471231
471220
471036
470838
470552
470053
469900
469474
469435
469198
469102
469088
469085
468942
468783
468505
467926
467543
467499
467227
466915
466192
466071
466064
465990
465928
465891
465699
465135
464741
463940
463904
463775
463672
463635
463522
463393
463284
463226
463052
462773
462713
462631
461671
461088
460834
460576
460543
459730
459077
458555
458241
458106
457778
457769
457738
457715
457706
457660
457651
457583
457242
456979
456808
456756
456422
456356
455356
455276
455061
454486
454460
454296
453291
453050
453008
452948
452848
452766
452759
452627
451908
450668
450525
450417
450367
450226
450050
449939
449921
449869
449847
449810
449651
449353
449260
448512
448097
447518
447455
447402
447373
447335
446667
445569
444931
444801
444593
444506
444348
444128
444116
443231
442772
442623
442493
442442
442375
442354
441895
441862
441815
441776
441737
441638
441587
441549
441539
441526
441129
440788
439758
439701
439658
439657
439612
439330
439234
438794
438390
438224
437908
436937
436459
436381
436230
436217
436208
435762
434812
434586
434577
434197
434195
434092
434028
433915
433908
433685
433587
433517
433283
433178
432987
432513
432025
431938
431933
431686
431603
431489
431060
430785
430666
430456
430303
430249
430166
429967
429656
429507
429042
428762
428628
428470
428417
428358
428338
428183
428086
427985
427771
427732
427718
427449
426978
426860
426652
426102
425908
425899
425850
425500
425447
425391
425078
424953
424773
424744
424678
424615
424202
423842
423183
423171
422906
422866
422576
422243
421995
421535
421037
420954
420887
420655
420401
420119
420046
419768
419593
419538
419249
419229
418754
418735
418710
418698
418657
418629
418135
418006
417939
417879
417689
417659
417435
417402
417371
417369
417165
417001
416428
416155
416135
416087
416086
415983
415890
415851
415805
415755
415676
415533
415423
415329
415141
414863
414847
414813
414704
414605
414586
414469
414383
414321
414088
414069
413685
413391
413376
413301
413278
413265
413182
413046
413004
412947
412865
412593
412534
412121
412026
411913
411814
411689
411305
411296
411200
411196
411079
410990
410988
410536
410513
410132
409985
409783
409726
409513
409428
409274
409074
409070
408587
408530
408520
408516
408485
408476
408306
408134
408071
407870
407869
407843
407800
407639
407617
407007
406602
406597
406557
406555
406320
406142
406135
405994
405992
405991
405987
405986
405985
405984
405982
405981
405964
405923
405908
405523
405508
405502
405433
405074
404364
404339
404287
403917
403690
403489
403465
403041
402925
402791
402525
402464
402238
402200
402149
401124
401099
400939
400882
400607
400530
400510
400299
400164
400161
400145
400003
399540
399432
399185
398997
398600
398539
398528
398084
397925
397685
397599
397077
396993
396810
396736
396579
396546
396480
396407
395912
395760
395721
395703
395636
395598
395529
395115
395064
394924
394919
394863
394827
394798
394723
394647
394609
394541
394426
394323
394120
394041
393946
393882
393763
393729
393603
393545
393514
393488
393243
393214
393189
393090
393074
393033
392979
392927
392883
392870
392865
392857
392837
392720
392668
392654
392573
392568
392362
392302
392222
392170
392083
391852
391793
391606
391570
391488
391244
390941
390899
390775
390769
390749
390713
390485
390442
390400
390222
390033
389872
389843
389699
389515
389468
389371
389286
389262
389254
389190
389168
389141
388770
388486
388442
388300
388291
388156
388085
387981
387415
387301
387277
387243
387133
386850
386833
386472
386189
385873
385608
385527
385522
385308
385257
385227
385185
385169
384844
384759
384634
384256
383938
383756
383534
383270
383101
382968
382962
382960
382854
382724
382460
382361
382344
382328
382319
381901
381756
381755
381742
381718
381702
381623
381546
381517
381212
380854
380710
380690
380594
380464
380422
380421
380400
380021
379690
379654
379478
379468
379387
378729
378717
378573
378462
378208
378020
378010
377833
377746
377743
377613
377568
377550
377379
377290
377255
377215
377150
377118
377111
376895
376857
376768
376723
376428
376081
376037
375651
375476
375463
375417
375355
375339
375294
375235
375219
374797
374677
374648
374637
374343
374326
374156
374106
374011
373977
373856
373817
373813
373763
373599
373554
373499
373448
373445
373388
373349
373273
373202
373183
373028
372846
372803
372775
372563
372355
372290
372136
372100
371976
371954
371931
371743
371638
371365
371358
371218
371165
371143
370898
370885
370859
370745
370639
370617
370454
370385
370109
370090
370079
369999
369803
369172
369138
369116
368850
368798
368735
368708
368518
368491
368393
368223
368123
368086
368084
367982
367903
367805
367784
367757
367664
367609
367377
367344
367298
367288
367193
367026
366971
366893
366616
366600
366569
366220
365939
365881
365769
365682
365627
365599
365462
365274
365225
365192
365067
364998
364861
364834
364792
364595
364592
364503
364468
364020
364013
363640
363609
363295
363262
362841
362804
362764
362630
362536
362509
362445
362433
362403
362319
362056
361946
361864
361837
361162
360911
360834
360634
360435
360289
360111
359851
359836
359816
359784
359679
359564
359020
358927
358862
358651
357878
357839
357411
357406
357332
357287
356890
356889
356767
356696
356633
356380
356370
356271
356265
355884
355423
355387
355371
355288
355284
355052
355044
354990
354908
354807
354659
354634
354219
354187
353946
353895
353579
353410
353223
352613
352527
352411
352117
352018
351738
351725
351675
351569
351431
351359
351211
351177
351098
350991
350880
350704
350263
350112
349614
349330
349155
349129
349088
349070
348979
348918
348726
348544
348443
348265
348079
347977
347945
347910
347854
347527
347290
347247
347220
346968
346947
346871
346575
346510
346486
346279
346226
346169
345834
345735
345641
345581
345485
345431
345362
345223
345153
344892
344844
344531
344487
344442
343832
343247
343194
343172
342855
342839
342734
342722
341972
341804
341791
341758
341743
341727
341702
341551
341529
341466
341267
341232
340607
340187
340015
339291
339268
339201
338994
338857
338529
338210
338127
338023
337978
337813
337689
337584
337470
337402
337358
337038
336664
336582
336131
336109
336069
335984
335957
335937
335295
335103
335054
335050
334619
334598
334335
334295
334292
334044
333776
333579
333549
333493
333416
333329
332844
332405
332109
331970
331831
331719
331687
331676
331586
331556
331465
331220
330812
330562
330535
330411
330087
329992
329911
329755
329291
329179
328953
328724
328576
328270
327734
327592
326883
326775
326742
326706
326696
326647
326561
326557
325962
325818
325469
325173
325170
325121
325085
324958
324797
324618
324601
324520
324515
324361
324288
324017
323640
323596
323080
322973
322050
322043
322037
322027
322007
321970
321914
321750
321648
321605
321548
321530
321529
321456
321429
321400
319933
319861
319745
319323
319095
318931
318431
318101
317792
317786
317703
317627
317579
317259
317252
317145
317115
316813
316781
316673
316534
316522
316386
316385
316047
315868
315847
315594
315564
315281
315280
315213
315206
315178
315176
314613
314500
314403
314392
314043
313899
313889
313838
313784
313762
313725
313362
313339
313297
313211
312965
312895
312847
312441
312300
312235
312203
311906
311817
311744
311313
311278
311205
311083
310403
310274
310263
310047
310021
309809
309771
309716
309709
309685
309679
309664
309649
309559
309469
309465
309278
309224
309208
309180
308817
308799
308650
308586
308576
308529
308453
308363
308287
308275
308208
308040
307895
307862
307857
307785
307739
307716
307673
307531
307366
307047
307029
306919
306616
306528
306181
306048
305949
305907
305770
305500
305485
305480
305388
305354
305244
305024
304995
303544
303166
303054
303002
302964
302956
302719
302371
302221
301940
301772
301640
301122
301093
301079
300807
300624
300561
300501
300470
300435
300358
300271
300246
300235
300144
300092
299856
299453
299439
299293
299049
298929
298452
298428
298103
298063
298020
297979
297907
297790
297665
297173
297118
297111
297090
297071
296970
296954
296921
296911
296892
296879
296743
296708
296663
296637
296346
295989
295424
295300
295285
294966
294143
293935
293739
293599
293474
293459
293161
293130
293053
292824
292711
292647
292464
292442
292417
291854
291582
291514
291490
290660
290632
290623
290505
290499
290481
290443
290221
290088
289950
289767
289591
289522
289472
289342
289316
289255
289247
289059
288898
288531
288446
288172
288046
287890
287802
287687
287326
287299
287165
286915
286679
286514
286231
286209
286199
285990
285623
285492
285270
285133
285052
284997
284822
284705
284576
284506
284046
283717
283373
283211
283201
282918
282712
282491
282345
282332
282108
281860
281820
281713
281703
281668
281275
280872
280849
280373
280256
279984
279744
279681
279659
279476
279376
279342
279221
279197
279159
279121
278975
278968
278608
278231
277917
277802
277728
277659
277012
276818
276646
276180
275998
275889
275876
275693
275590
275269
275144
274859
274368
274257
274129
273832
273540
273408
272856
272765
272464
272431
272425
272340
272130
272103
271853
271744
271664
271610
271595
271550
271376
271143
270703
270657
270587
270325
270110
270096
269868
269784
269523
269472
269268
268776
268456
268154
268075
267888
267847
267845
267688
267445
267363
267208
267160
267093
266973
266972
266627
266597
266317
266298
266270
265903
265899
265894
265782
265629
265434
265388
265301
264816
264696
264693
264633
264611
264358
264294
264228
264162
264131
264054
263965
263450
263410
263343
263321
263110
263085
263068
263045
263032
262557
262513
262441
262420
262419
262226
261952
261918
261683
261525
261497
261197
261105
261000
260931
260767
260721
260626
260511
260290
260100
260003
259676
259563
259339
259233
259217
259182
259069
259047
259004
258970
258945
258927
258915
258904
258800
258694
258663
258629
258301
258183
258100
257958
257870
257740
257599
257589
257513
257458
257180
256785
256266
256252
256039
256033
256007
255972
255961
255953
255934
255823
255372
255330
255174
255151
255121
254972
254797
254701
254662
254656
254577
254495
253923
253833
253767
253510
253481
253378
253362
253101
253032
253009
252907
252819
252315
252076
252019
251976
251972
251660
251508
251414
251314
251307
251223
251131
251004
250976
250859
250543
250445
250382
250266
250149
249973
249741
249726
249668
249622
249517
249388
249360
249278
249174
249011
248978
248660
248650
248319
247748
247624
247472
247406
247373
247279
247206
247125
247117
247036
247034
246944
246904
246894
246851
246808
246106
246089
246045
245483
245114
245078
245071
244971
244911
244760
244641
244616
244511
244458
244107
243888
243849
243442
243440
243311
243307
242985
242680
242422
242332
242104
241983
241977
241850
241844
241760
241683
241678
241575
241409
241322
240857
240787
240756
240356
240266
240019
239929
239530
239510
239483
239472
239448
239446
239226
239216
239160
239155
239086
238839
238787
238743
238435
238280
238270
238229
238001
237715
237655
237504
237387
237357
237289
237144
237131
237101
236823
236477
236411
236357
236317
236204
236193
236192
236190
236181
235985
235858
235847
235817
235736
235701
235634
235609
235578
235457
235441
235427
235244
234915
234814
234805
234613
234475
234404
234084
234051
233739
233697
233678
233548
233292
233283
233190
233158
233078
232872
232736
232129
232106
231982
231931
231808
231761
231700
231547
231534
231492
231431
231424
231287
231041
230860
230783
230423
230318
230294
229459
229407
228843
228779
228764
228742
228406
228363
228326
228146
228126
227850
227832
227552
227344
227336
227298
227242
227155
226891
226801
226791
226655
226484
226469
226463
226428
226368
226259
226240
226228
226150
225968
225944
225935
225891
225419
225277
225094
225084
224972
224750
224724
224660
224481
224368
224180
224168
224092
223668
223464
222531
222173
222106
222019
221909
221615
221574
221378
221353
221341
221322
221304
221267
221205
221152
221075
220977
220646
220554
220485
220469
220070
219862
219776
219766
218979
218936
218797
218592
218423
218411
218343
218293
218226
218204
218113
217951
217829
217643
217562
217376
217270
217257
217201
217158
217146
216598
216521
216058
215968
215895
215725
215514
214956
214889
214884
214869
214649
214552
214420
214325
213925
213724
213707
213627
213398
213339
213203
213046
213021
212841
212629
212615
212073
211939
211628
211340
211199
211144
211140
210865
210733
210631
210564
210414
210300
210274
210255
209875
209364
209084
209010
208989
208919
208911
208900
208623
208574
208538
208375
207733
207558
207531
207490
207468
207222
207184
207143
207130
207097
206991
206939
206933
206765
206657
206284
206218
206189
206040
205880
205746
205562
205050
205041
204926
204819
204799
204503
204449
204367
204358
204220
204157
204081
203954
203799
203761
203639
203472
203395
203246
203178
202311
202042
201708
201530
201191
201185
201020
200913
200889
200746
200071
199757
199752
199708
199631
199486
199448
199283
198816
198759
198725
198696
198681
198416
198183
197807
197243
197099
197041
197001
196637
196562
196315
196292
196283
196171
195793
195781
195642
195445
195045
194967
194903
194772
194384
194334
194326
194298
194082
194022
194017
193650
193600
193488
193395
193223
192910
192576
192142
191810
191565
191535
191484
191474
191378
191290
191278
191232
191056
190646
190628
190463
190431
190391
190104
189930
189570
189559
189378
189279
189239
189050
188707
188691
188474
188433
188355
187902
187677
187660
187564
187316
187163
186731
186621
186596
186110
186063
185954
185395
185380
185377
184878
184561
184450
184401
184332
184214
184127
184012
183357
183169
182815
182687
182666
182620
182540
182437
182395
181623
181241
181086
181080
181069
181057
180913
180883
180830
180723
180604
180455
180373
180372
180198
179910
179887
179793
179704
179520
179472
179433
179150
179133
179064
178944
178591
178587
178565
178484
178410
178384
178360
178303
178252
177938
177753
177680
177386
177332
176977
176913
176854
176769
176421
176357
176322
176238
176142
176112
176095
175965
175962
175960
175955
175819
175618
175450
175014
174932
174868
174860
174850
174736
174560
174442
174353
174281
174186
174148
174024
174012
173639
173606
173366
173255
173174
173156
173011
172783
172782
172612
172540
172529
172433
172368
172366
172336
172248
172212
172127
172103
172094
172058
171952
171805
171747
171671
171545
171482
171436
171264
171144
171074
170980
170889
170802
170701
170683
170447
170263
170248
170175
170140
169768
169506
169456
169376
169346
169209
169206
169014
168874
168758
168733
168651
168625
168414
168262
168083
167733
167704
167626
167619
167445
167328
167272
167259
167236
167027
166995
166956
166933
166928
166753
166670
166640
166560
166490
166261
166069
165955
165884
165752
165700
165675
165620
165587
165573
165565
165549
165531
165514
165485
165471
165373
165372
165222
165089
165070
165041
164996
164985
164919
164860
164757
164644
164582
164251
164229
164195
164113
164108
163860
163782
163754
163558
163551
163505
163474
163398
163349
163290
163252
163117
163098
162624
162555
162513
162383
162382
162355
162252
162052
162024
161997
161964
161950
161925
161900
161827
161817
161626
161450
161443
161375
161328
161043
160953
160904
160802
160765
160749
160738
160668
160593
160456
160416
160328
160144
160140
160135
160091
159957
159771
159746
159513
159379
159287
159232
159192
159093
159021
159019
158962
158712
158587
158375
158312
158300
158232
157803
157753
157686
157438
157433
157322
157181
157159
156929
156836
156818
156691
156620
156598
156342
156180
156162
156011
155961
155935
155797
155732
155724
155713
155659
155604
155194
155182
155099
154971
154685
154598
154499
154462
154408
154319
154188
154075
153972
153832
153819
153581
153569
153450
153424
153359
153354
153087
153076
152947
152943
152910
152890
152886
152760
152706
152620
152529
152356
152335
152326
152325
152291
152109
152099
151972
151938
151928
151915
151895
151678
151616
151346
151277
151270
151250
151191
151128
151105
150697
150635
150610
150399
150324
150226
150223
150213
150198
150190
150094
150083
150058
149990
149988
149986
149739
149707
149702
149630
149544
149431
149364
149280
149236
149151
149019
148906
148870
148816
148800
148688
148642
148630
148467
148385
148371
148347
148074
147967
147966
147892
147879
147728
147668
147493
147444
147345
147247
147221
147062
146779
146659
146604
146370
146277
146226
146136
146116
146072
146030
145993
145864
145772
145699
145595
145429
145324
145131
145015
144960
144956
144886
144705
144526
144416
144363
144355
144332
144329
144163
144095
144088
143987
143976
143899
143890
143823
143792
143760
143657
143476
143268
143181
143132
143053
143049
142970
142903
142874
142830
142815
142788
142771
142755
142751
142722
142697
142678
142674
142645
142632
142594
142572
142565
142563
142550
142511
142430
142381
142335
142272
142223
142146
142137
142093
142083
142079
141913
141699
141694
141669
141629
141524
141506
141504
141492
141467
141466
141459
141455
141413
141405
141297
141289
141265
141189
141129
141008
140999
140953
140847
140724
140621
140565
140546
140473
140369
140356
140310
140283
140213
140067
140034
139817
139780
139744
139730
139725
139570
139535
139524
139498
139428
139351
139301
139257
139208
139182
139135
139107
139091
139027
138853
138839
138767
138669
138628
138625
138483
138261
138128
138070
138047
138044
138026
137986
137900
137873
137852
137586
137545
137504
137444
137396
137315
137252
137127
137116
137058
136888
136883
136609
136560
136553
136542
136501
136359
136332
136270
136239
136223
136192
136099
136009
135882
135846
135721
135717
135710
135661
135599
135595
135537
135491
135427
135230
135207
135193
135127
135123
135119
135115
135096
135093
135070
135067
135055
135038
134859
134770
134676
134654
134588
134577
134344
134336
134284
134257
134110
134108
134042
134030
134009
133992
133914
133790
133779
133600
133543
133533
133480
133404
133374
133324
133299
133288
133220
133036
133020
132948
132937
132935
132904
132847
132834
132712
132704
132670
132606
132585
132578
132490
132415
132405
132391
132336
132330
132293
132263
132102
132062
132055
132046
132006
131985
131979
131973
131955
131929
131913
131862
131767
131622
131399
131396
131350
131231
131159
131045
130998
130964
130957
130951
130932
130868
130806
130784
130743
130645
130643
130607
130582
130539
130502
130451
130444
130310
130245
130205
130132
130108
130039
129987
129968
129909
129880
129847
129827
129817
129782
129778
129755
129735
129583
129509
129491
129479
129472
129467
129462
129359
129263
129058
128962
128946
128939
128912
128906
128830
128809
128801
128762
128736
128694
128663
128602
128533
128529
128480
128408
128374
128337
128282
128263
128224
128150
128008
128006
127837
127833
127781
127740
127680
127672
127630
127287
127259
127256
127236
127119
126940
126842
126777
126628
126588
126566
126302
126193
126157
126094
126033
125984
125872
125760
125575
125550
125503
125394
125342
125295
125104
125063
125011
125009
124998
124929
124907
124845
124832
124825
124668
124655
124595
124582
124555
124541
124378
124368
124336
124324
124322
124251
124227
124222
124141
124121
124116
124114
124099
124092
124089
124006
123824
123787
123778
123716
123624
123365
123360
123330
123210
123159
123088
123050
122997
122979
122928
122924
122720
122714
122600
122529
122123
121849
121647
121584
121501
121225
121064
121034
120985
120903
120868
120832
120766
120717
120715
120707
120643
120549
120516
120510
120509
120333
120312
120267
120197
120162
120135
119996
119855
119836
119734
119667
119620
119614
119606
119466
119423
119419
119387
119349
119319
119318
119287
119212
119201
119125
119040
119004
118956
118878
118853
118836
118745
118661
118554
118524
118469
118438
118431
118413
118318
118273
118154
118112
118010
117952
117943
117931
117891
117832
117774
117759
117731
117582
117576
117529
117513
117493
117488
117447
117304
117113
116972
116966
116915
116890
116829
116823
116820
116817
116584
116471
116435
116326
116313
116285
116257
116239
116223
116132
116087
116055
116052
115995
115883
115846
115812
115768
115699
115508
115491
115475
115455
115401
115276
115191
115157
115152
115016
114917
114716
114710
114665
114650
114615
114592
114583
114571
114561
114301
114285
114253
114055
113983
113844
113769
113658
113637
113636
113455
113375
113348
113338
113253
113211
113197
113176
113056
113047
112902
112891
112870
112685
112620
112613
112605
112576
112440
112421
112414
112345
112314
112248
112211
112203
112163
112124
112079
112068
112032
111828
111827
111817
111704
111675
111621
111554
111462
111436
111323
111145
111125
110901
110896
110860
110851
110808
110788
110589
110530
110528
110498
110488
110479
110398
110377
110364
110289
110235
110233
110180
110142
110129
110103
110018
109969
109957
109949
109922
109815
109757
109731
109711
109699
109645
109620
109558
109529
109506
109498
109351
109336
109308
109162
109101
109025
108953
108854
108818
108774
108759
108702
108600
108578
108575
108572
108567
108557
108180
108140
108056
108020
108007
107954
107931
107886
107829
107802
107613
107594
107575
107550
107544
107540
107538
107504
107356
107294
107277
107221
107142
107121
107120
107086
106976
106928
106900
106894
106887
106872
106823
106812
106801
106741
106726
106719
106640
106578
106548
106453
106335
106327
106304
106296
106232
106224
106084
106002
105971
105908
105894
105860
105820
105808
105663
105655
105542
105521
105516
105468
105386
105337
105321
105166
105065
104978
104922
104865
104761
104740
104721
104684
104594
104587
104578
104518
104485
104476
104397
104303
104152
104084
104043
104005
103963
103954
103949
103921
103775
103765
103673
103608
103571
103546
103296
103294
103260
103196
103184
103130
103074
102993
102986
102899
102896
102886
102882
102878
102855
102841
102707
102622
102554
102481
102381
102370
102320
102205
102195
102172
102053
102037
102032
102028
102008
101978
101950
101934
101878
101869
101865
101787
101771
101759
101726
101711
101619
101585
101570
101532
101504
101502
101403
101382
101370
101326
101291
101286
101282
101204
101170
101093
101061
100975
100910
100725
100582
100578
100538
100526
100520
100462
100405
100338
100321
100320
100312
100304
100300
100147
100136
100125
100103
100080
99990
99893
99879
99853
99834
99782
99776
99711
99698
99676
99664
99645
99639
99606
99587
99553
99524
99510
99465
99443
99431
99393
99380
99287
99216
99186
99092
99062
99019
99018
98969
98966
98956
98900
98798
98787
98735
98655
98600
98589
98561
98551
98522
98435
98404
98395
98381
98347
98309
98239
98230
98216
98184
98104
98054
98003
97989
97928
97876
97863
97861
97834
97826
97790
97705
97682
97661
97499
97470
97443
97435
97402
97377
97345
97342
97341
97301
97299
97280
97278
97257
97243
97226
97124
96943
96918
96912
96905
96879
96750
96473
96399
96394
96367
96330
96261
96238
96232
96231
96224
96194
96183
96182
96113
96110
96094
96091
96071
95869
95791
95785
95782
95730
95726
95714
95634
95633
95512
95496
95406
95402
95376
95271
95241
95235
95202
95198
95188
95165
95103
95060
95000
94978
94972
94926
94905
94836
94823
94807
94771
94727
94724
94701
94640
94636
94601
94419
94350
94344
94320
94274
94252
94225
94197
94175
94171
94141
94109
94086
94071
93970
93887
93848
93839
93831
93717
93635
93630
93604
93591
93581
93528
93513
93503
93492
93482
93457
93432
93431
93405
93398
93375
93366
93358
93342
93267
93177
93076
92970
92932
92929
92915
92880
92874
92872
92864
92858
92817
92773
92694
92686
92685
92618
92587
92559
92520
92430
92401
92333
92283
92254
92229
92220
92201
92181
92132
92131
92034
91931
91925
91910
91791
91732
91700
91694
91685
91658
91628
91541
91470
91468
91466
91440
91234
91116
91070
91065
91055
91044
90999
90974
90960
90876
90865
90781
90674
90657
90636
90634
90612
90594
90576
90505
90495
90478
90469
90443
90316
90315
90075
90045
90041
90008
89972
89956
89955
89937
89907
89883
89876
89875
89856
89833
89832
89827
89778
89767
89764
89754
89752
89727
89708
89699
89602
89577
89545
89505
89394
89385
89357
89337
89335
89331
89315
89264
89236
89220
89216
89207
89203
89190
89173
89172
89169
89151
89144
89089
88915
88857
88820
88777
88776
88695
88676
88672
88605
88592
88564
88563
88553
88466
88462
88419
88398
88395
88354
88351
88325
88309
88219
88216
88193
88167
88141
88049
88045
87969
87865
87781
87763
87748
87719
87692
87682
87633
87627
87613
87600
87597
87575
87558
87473
87469
87349
87146
87088
87079
87061
87058
87013
86992
86904
86896
86856
86839
86786
86771
86710
86706
86693
86674
86650
86649
86644
86638
86562
86506
86505
86495
86450
86444
86405
86350
86344
86268
86226
86224
86188
86176
86143
86125
86006
85987
85978
85973
85958
85916
85915
85865
85860
85845
85843
85801
85791
85739
85734
85721
85688
85653
85624
85581
85567
85536
85512
85502
85463
85434
85426
85409
85380
85376
85369
85361
85285
85269
85242
85241
85226
85212
85209
85207
85184
85178
85175
85171
85162
85159
85148
85096
85071
85062
85051
85041
85040
85007
84992
84990
84981
84954
84938
84915
84883
84877
84874
84868
84864
84859
84843
84806
84792
84777
84753
84748
84693
84690
84685
84671
84668
84662
84659
84654
84650
84626
84624
84609
84597
84585
84499
84474
84472
84451
84436
84435
84409
84402
84385
84373
84365
84361
84354
84350
84344
84337
84334
84327
84322
84318
84312
84296
84283
84271
84263
84261
84248
84214
84207
84205
84194
84186
84140
84132
84125
84111
84107
84104
84102
84100
84096
84081
84075
84071
84054
84053
84046
84042
84041
84039
84032
84023
83851
83829
83819
83783
83761
83755
83710
83708
83686
83630
83604
83603
83568
83565
83552
83538
83521
83516
83496
83459
83448
83261
82983
82877
81305
81237
77987
73446
73100
72669
72220
71601
70889
69014
64716
29049
28075
28052
27931
27868
27825
27801
27735
27712
27670
27581
27537
27528
