224356533
224356427
224356257
224355856
224355451
224355264
224355090
224355076
224354363
224354240
224354062
224354030
224353952
224353716
224353599
224353090
224352803
224352641
224352328
224352170
224351942
224351896
224351753
224351680
224351162
224350939
224350897
224350639
224350505
224350212
224350119
224350037
224349887
224349869
224349753
224349661
224349487
224348767
224348651
224348551
224348468
224348365
224348219
224347830
224347726
224346795
224346398
224346354
224346170
224345923
224345748
224345582
224345462
224345291
224345073
224344979
224344975
224344946
224344897
224344823
224344509
224343842
224343414
224343144
224342957
224342889
224342497
224342481
224342240
224341964
224341873
224341465
224341304
224341128
224341072
224340992
224340748
224340658
224340486
224340444
224340362
224340238
224339992
224339873
224339848
224339688
224339553
224339509
224339359
224339342
224339093
224338999
224338777
224338771
224338710
224338592
224338533
224338486
224338110
224337877
224337747
224337717
224337687
224337646
224337601
224337552
224337134
224337108
224337001
224336991
224336890
224336828
224336686
224336465
224336292
224336243
224336230
224335620
224335419
224334818
224334602
224334381
224334237
224334142
224334050
224333332
224332811
224332521
224332287
224331987
224331817
224331499
224331335
224331054
224330887
224330643
224330298
224330203
224330161
224330077
224329402
224329391
224329004
224328996
224328948
224328880
224328815
224328488
224328377
224328083
224328059
224327760
224327693
224327399
224327368
224327061
224327053
224327004
224326670
224326268
224326163
224325214
224325168
224324981
224324531
224324371
224324223
224317198
224315420
224315388
224315008
224314871
224314106
224313645
224313591
224313352
224313339
224313105
224313069
224312784
224312011
224311606
224311358
224311148
224310413
224310247
224310000
224309710
224309707
224309404
224308793
224308736
224308647
224308251
224307964
224307738
224307582
224307374
224307184
224306203
224305258
224303959
224303052
224303022
224302839
224302640
224302337
224302122
224302025
224301687
224301668
224301535
224300732
224300577
224299706
224299309
224299245
224298760
224298239
224297357
224297046
224297035
224296467
224296362
224296351
224296273
224296106
224296081
224295772
224295689
224295663
224295604
224295438
224295175
224295000
224294965
224294936
224294683
224294351
224294310
224294177
224294079
224293697
224293652
224292659
224292584
224292276
224292251
224292150
224291751
224291511
224291507
224291496
224291300
224290614
224290535
224290424
224289585
224289489
224289445
224289243
224289079
224287498
224287253
224286939
224286655
224286576
224286204
224285496
224285194
224284991
224284952
224284898
224284836
224284828
224284817
224283840
224283660
224283122
224282742
224282692
224282610
224282381
224281416
224281218
224281170
224280865
224280594
224280455
224279917
224279562
224279552
224279489
224279184
224277815
224277034
224276884
224276130
224275842
224275371
224275273
224274730
224274480
224274453
224274195
224274047
224273827
224273703
224272676
224272440
224272318
224272295
224271579
224271168
224271125
224270978
224270960
224270869
224270306
224269732
224268932
224268294
224268030
224267481
224266517
224265958
224265949
224265899
224265736
224265719
224265582
224264403
224264307
224264156
224263895
224262772
224261913
224261605
224261289
224261023
224260993
224260941
224260889
224260848
224260413
224260151
224260075
224259340
224259309
224259298
224259108
224259055
224258765
224258017
224257937
224257831
224257447
224257435
224256998
224256572
224256506
224256336
224256031
224256022
224255764
224255374
224254964
224254200
224253875
224253806
224253765
224253160
224253079
224252912
224252462
224252388
224251788
224251489
224251305
224251162
224250965
224250869
224250499
224250221
224250067
224250023
224248845
224248795
224247821
224247651
224247429
224247190
224247118
224246975
224246842
224246748
224246283
224246133
224245398
224244669
224244493
224244064
224243200
224242968
224242609
224242422
224241750
224241583
224241439
224241276
224241110
224240638
224240633
224240384
224240058
224240035
224239954
224239811
224238978
224238909
224237381
224237359
224237252
224236857
224236740
224236728
224236611
224236403
224236327
224235500
224234546
224234261
224234015
224232958
224232921
224232611
224232537
224231657
224231024
224230877
224230772
224230755
224230682
224230318
224229703
224229248
224228776
224228617
224227282
224226903
224226791
224226107
224226002
224225777
224225409
224225050
224224899
224224809
224224804
224224771
224224576
224224466
224224445
224224433
224224288
224223401
224223190
224222910
224222596
224222567
224222154
224222059
224220904
224219576
224219172
224218922
224218482
224218255
224218104
224217816
224217772
224217570
224217526
224217111
224216367
224216338
224215649
224215570
224215561
224215013
224214644
224214454
224213897
224213798
224213043
224212739
224211970
224211517
224211077
224210980
224210696
224210453
224209462
224208505
224208261
224206979
224206886
224206750
224206352
224206312
224206108
224205933
224205903
224205548
224204843
224204561
224204364
224203689
224202099
224201732
224201119
224200815
224200037
224199615
224198938
224198810
224198740
224198575
224198201
224196989
224196462
224196410
224195621
224195295
224195293
224194998
224194917
224194577
224194256
224194096
224193855
224193682
224193514
224193029
224192690
224192633
224192576
224192135
224192071
224191358
224191155
224190622
224189992
224189796
224189183
224188633
224188252
224187919
224187798
224187566
224187390
224186684
224186458
224186235
224185113
224184953
224184181
224184180
224183882
224183236
224183193
224182823
224182496
224182484
224181785
224181567
224181286
224181218
224181164
224181032
224181024
224180964
224180941
224180543
224180431
224179706
224179661
224179650
224179325
224178192
224177687
224177244
224176617
224176456
224176445
224176257
224176037
224175917
224175775
224175746
224175637
224175049
224175022
224174510
224174324
224173806
224173612
224172519
224171957
224171857
224171794
224171410
224171299
224171152
224171145
224170998
224170204
224170184
224169844
224169596
224169060
224168944
224168816
224167735
224167273
224167059
224167032
224166980
224166634
224165974
224165509
224165376
224165243
224165077
224164547
224163007
224162723
224162703
224162424
224162079
224161680
224161628
224161317
224161180
224159748
224159618
224158414
224157527
224156783
224156652
224155579
224155093
224154922
224154802
224154694
224154466
224154369
224153988
224153921
224153900
224153791
224153628
224153610
224153024
224152869
224152854
224152829
224152823
224152634
224152582
224152571
224152533
224152214
224150911
224150330
224150247
224150134
224149383
224148548
224147872
224147750
224147394
224147258
224145987
224145852
224145797
224145118
224144984
224143814
224143731
224143414
224143157
224142748
224142040
224141992
224141889
224141788
224141547
224141460
224141454
224141349
224140885
224140732
224140358
224140222
224140145
224139873
224139519
224139088
224138947
224138945
224138892
224138558
224138536
224138110
224137736
224137603
224137169
224137061
224136782
224136480
224135595
224134903
224134581
224134403
224134075
224133679
224133380
224133124
224133094
224132211
224132035
224131720
224131704
224131644
224131103
224130709
224130493
224130482
224130423
224129980
224128913
224128730
224128653
224128156
224128132
224127918
224127704
224127476
224127201
224127062
224126872
224126171
224125679
224125426
224125422
224125406
224125378
224124461
224123794
224123364
224123026
224122514
224122203
224121689
224121224
224120756
224120057
224119874
224119726
224119703
224119631
224119288
224118629
224116696
224116140
224115931
224115631
224114665
224114314
224114218
224113449
224112609
224112488
224112254
224111893
224111319
224110502
224110127
224109860
224109621
224109619
224109542
224109348
224109284
224108771
224108744
224108699
224108527
224108354
224107817
224107754
224107490
224107311
224107276
224107250
224106901
224106694
224106655
224106419
224106410
224105673
224105381
224105034
224104518
224104080
224103968
224103688
224103214
224103045
224102548
224102478
224101249
224101169
224100931
224100655
224100387
224100199
224100152
224100028
224099841
224099674
224098975
224097798
224097404
224096537
224096430
224096276
224096130
224096065
224095261
224094802
224094666
224094054
224093921
224093890
224093578
224093232
224093055
224092362
224092271
224092180
224092021
224090639
224089975
224089939
224089858
224089248
224088932
224088349
224088315
224088172
224088168
224087678
224087656
224087391
224084739
224084483
224083281
224083226
224082116
224082006
224081577
224081180
224081162
224080294
224080256
224079950
224079601
224079373
224079196
224078931
224078726
224078628
224078269
224077695
224077321
224077301
224077161
224076600
224075701
224074786
224073208
224072042
224071453
224070990
224070781
224070729
224070709
224070689
224070660
224070345
224070316
224069827
224069666
224069245
224067844
224067793
224066940
224066448
224066284
224066118
224065967
224065954
224064911
224064519
224064188
224063348
224063280
224062139
224061309
224060842
224060705
224060071
224059903
224059887
224058954
224058605
224057780
224056836
224055774
224055081
224054992
224053711
224053427
224051903
224051022
224050744
224050310
224049887
224049585
224048287
224048179
224047624
224047357
224047173
224046275
224046213
224045987
224045512
224045430
224045246
224044626
224043904
224043891
224043701
224043609
224043469
224043009
224042970
224042909
224042867
224042671
224042523
224042422
224041894
224041168
224040891
223798914
223662604
223631308
223528346
223145560
222877102
222615360
222464299
222282106
222280938
222214531
221667957
221611558
221567999
221384738
221376527
221355388
221212003
221093074
220972618
220679364
220327438
219954485
219594950
219455316
219214331
219175602
219009435
218934718
218871363
218837001
218794979
218238083
218083877
217479157
217345240
217337371
217172051
217041605
216896105
216430178
216317609
216117886
215809638
215605555
215580388
215435805
215414614
215335764
214563557
214419844
213987777
213964551
213943489
213814811
213750243
213683997
213549100
213492930
213326289
213179413
212841911
212774479
212674525
212658740
212592765
212245428
212050206
211986621
211965113
211763371
211750627
211658928
210860205
210474769
210377204
210235117
210106328
209943248
209851566
209813377
209777629
209755829
209593392
209381124
209226253
209020201
208933608
208930306
208905546
208792696
208459218
208391906
208375276
208361268
208212667
208190876
207898645
207843181
207565188
206948035
206915714
206745410
206117458
205991432
205837311
205628019
205602768
205535883
205474261
205049624
204955845
204763704
204136171
203912823
203748746
203514985
203435837
202928970
202810786
202759441
202705087
202520107
202487664
202459769
202372179
202266659
202264597
202168822
201973748
201874265
201858800
201784741
201715455
201649013
201544591
201371704
201353079
201214246
201141139
201128033
200950473
200814934
200747050
200496716
200442739
200249157
200247317
200041366
199616901
199500742
199404625
199321928
199231098
198777857
198749019
198538218
198476737
198271137
198182658
198082203
197887119
197678334
197623376
197169087
196962703
196897873
196884562
196834287
196793357
196774344
196718067
196713639
196468738
196426931
196402513
196281074
195956062
195916958
195531702
195414045
195376878
195032872
194990034
194954193
194461340
194420702
194376679
194267246
194258343
194098477
194075961
193860548
193766421
193595028
193571015
193491033
193388303
193235586
193070611
192960297
192691073
192591665
192539578
192292953
192075333
192008820
191780057
191741205
191727084
191647762
191461989
191457351
191368398
191306041
191143155
190924342
190853045
190790165
190773719
190361361
190313320
190184479
189579376
189418605
189068080
188764364
188675571
188585689
188299175
188245677
188044076
187902150
187473854
187404834
187357800
187329542
187260458
187192892
186935967
186766373
186763407
186727570
186315658
186077504
185286616
185214748
185163742
185116648
185100546
184901885
184780803
184543449
184326710
184307854
184215635
183759599
183389312
183080675
183015404
182949176
182908680
182791683
182685842
182610963
182527259
182286917
182099905
182082528
181829685
181799902
181771463
181640679
181578204
181570234
181544575
181539753
181479534
181422457
181153021
181112526
181097192
180985984
180830782
180775417
180768475
180743338
180706968
180685575
180550936
180441190
180016468
180014703
179652556
179530631
179495086
179444941
179325341
179312126
179108872
179083707
179009042
178994876
178981308
178929151
178899313
178891800
178768677
178655245
178654023
178643595
178589823
178463722
178319296
178257784
178101518
177631641
177559838
177474325
177468385
177456317
177452053
177384044
177313163
177228996
177220237
177156105
176810703
176790467
176726208
176376522
176187532
176158195
175932922
175764555
175732472
175730001
175651053
175575833
175534694
175519686
175476815
175239213
175055938
175040485
175004310
174999991
174867742
174779004
174603985
174326095
174233781
174231925
174133618
174060702
173992227
173948707
173819095
173709669
173675810
173632648
173624760
173576719
173280792
172897640
172880018
172689108
172679688
172386631
172201051
172025802
171925413
171891508
171785282
171637205
171516517
171507196
171435409
171238338
171205279
171201464
171095410
171076292
171028343
170944344
170905739
170901193
170627551
170101999
170004226
169809635
169695326
169654601
169310973
169082535
168996514
168726773
168583861
168540645
168529077
168448016
168344334
168233820
168227128
168181631
167916411
167555262
167481509
167472598
167455324
167413838
167339643
167010131
166861265
166591968
166575264
166435760
166368641
166237357
166175960
165590534
165509839
165491542
165079015
165024203
165019070
164979342
164970898
164905308
164764432
164614465
163961814
163818604
163743657
163562181
163482599
163417029
163197260
162745431
162663501
162411581
162295207
162217534
162152089
161981331
161974818
161971607
161952143
161552017
161483298
161445830
161252785
160863888
160842618
160789420
160533225
160434433
159950064
159711971
159488551
159461673
159393179
159372937
159106253
158893714
158888243
158679455
158495965
158235258
158048996
157433300
157317192
157312729
157011997
156586893
156309346
156245825
156089586
155830290
155177351
155071691
155023274
154995844
154824947
154744220
154568228
154231210
154116654
153798344
153629851
153596669
153560366
153525378
153504479
153272247
153035385
152878276
152864971
152605021
152573673
152407823
152191866
152151622
152127173
152021425
151815325
151802343
151557267
151548956
151429136
151197470
151076449
150858298
150830000
150699422
150604044
150440922
150349190
149764028
149632884
149205108
148993821
148904775
148651741
148625471
148606184
148490526
148312697
148253267
148028705
147854629
147606052
147555680
147491382
147469570
147401361
147312176
147110626
146862002
146860007
146822307
146674264
146615095
146321158
145982317
145969170
145744174
145715178
145437128
145295603
145246222
144977564
144761583
144518577
144499535
143954766
143879420
143682636
143468722
143185454
143134111
142948485
142471712
142428637
142226640
142095254
141954740
141881804
141753360
141635842
141357558
140905517
140767431
140619883
140463913
140304940
140024895
139579923
139353528
139317463
138723182
138539940
138407073
138288182
138203046
138090104
138039752
137814690
137604269
137545856
137516664
137421556
137407575
137263481
137239642
137187958
137058050
137032643
136938019
136858327
136736812
136592816
136575824
136454477
136446065
136317155
136260230
136122241
136055839
136000880
135940853
135877324
135853468
135427888
135278926
134968409
134467693
134349146
134318087
134256954
134196854
134170061
133978691
133975199
133852519
133728303
133641349
133485256
133447530
133122259
132682399
132671908
132651886
132422937
132004679
131536610
131396407
131296382
131284313
131162694
131090197
131051922
130667223
130417972
129916131
129873412
129802993
129624567
129481920
129133683
129100644
129079559
129038898
128601848
128477096
128459785
128401742
128106380
127755311
127594574
127425316
127337221
127073327
126661365
126461109
126396720
126377690
126284603
126179348
126178413
126159012
124826150
124611985
124370903
123530029
123394165
123380986
123322516
123275952
123260072
122949304
122948217
122633289
122455216
122291031
122189649
122053305
121759230
121502335
121179327
120719351
120528511
120506089
120248363
119890569
119573288
119509889
118900873
118809384
118785559
118662492
118598286
118473645
118301209
118267068
118139153
117906610
117733658
117526623
117427071
116907911
116783069
116607510
116477103
116282480
116210280
116194905
115956867
115956041
115864633
115842985
115804273
115625400
115543893
115426217
115368412
115309622
115275018
115152557
115134177
114736178
114682636
114601955
114567994
114564369
114505438
114275397
114029528
113982630
113781994
113609812
113573990
113461591
113419480
113252867
113119775
113073047
113055961
113025747
113024594
112919592
112801708
112795194
112432010
112166573
112160145
111836058
111742465
111621054
111401900
111293806
111145220
111103815
110960412
110724400
110669642
110566013
110361551
110321426
110271890
110166152
110000702
109905176
109754886
109463965
109244301
108388979
108325948
108265566
108260629
108193122
107868155
107845721
107630153
107532393
107484153
107344932
107235398
106757761
106667563
106538266
106522132
106280520
106266937
106182891
106170984
106152824
106052403
106027613
106019030
106007833
105913167
105879464
105872473
105826149
105806347
105284575
105046190
104960333
104956981
104855540
103875051
103853709
103807258
103774269
103593775
103515673
103432525
103238096
102743999
102742228
102571691
102526706
102410440
102312987
102075865
101951131
101787597
101608750
101555917
101554635
101456048
101355493
101348976
101298499
100397803
100143508
100003106
99940316
99920059
99855937
99832263
99729991
99669023
99451433
99284884
99003985
98692244
98525060
98407621
98206555
98042823
97443711
97424427
97033384
96955072
96902574
96837032
96617991
96550323
96423302
96368398
96359276
96231888
96225163
96204285
96194905
96093176
96064638
96044708
95923028
95661262
95406434
95255609
95093000
94922866
94894696
94692146
94273638
94074140
94031951
93969627
93897199
93812530
93550951
92851420
92776758
92603722
92527617
92525154
92413442
92411811
92142554
91887960
91867865
91839323
91820453
91402559
91376352
91319686
90982863
90795047
90687355
90629811
89990832
89895783
89855507
89765628
89715291
89514082
89358000
89128091
89101086
88890254
88711871
88619966
88568882
88291869
88236784
88051317
86963971
86753154
86746263
86505687
86350536
86079060
86044854
85945264
85865072
85638260
85598874
85583086
85540845
85480072
85396073
85367223
85245017
84630384
84022792
84019341
84018418
83782316
83733168
83659509
83644864
83618890
83121145
83103391
83039999
82974831
82854149
82771571
82390023
82215591
82198688
82035702
81948859
81705534
81676280
81431811
81423820
81401700
81216348
80932875
80876286
80818707
80785384
80610030
80493845
80271285
80060782
79616122
79494126
79417735
79362125
79347220
79121434
78878386
78593615
78570480
78325779
78089092
77733757
77733147
77717055
77408075
77055716
76730534
76625804
76317994
76136851
75881610
75414183
75360378
75322717
75248754
75237332
75153586
74842497
74803096
74605891
74442724
74436831
74138352
73657680
73381749
73322607
73319427
73276521
73149454
73126315
73112166
73084418
72838457
72404368
72372026
71883439
71868562
71799600
71782472
71767583
71758740
71684648
71622335
71573809
71450242
71442470
71349350
71314439
70885567
70761863
70685294
70616029
70601245
70528810
70500026
70460559
70266823
70214402
70188814
69939130
69802891
69604560
69571975
69378762
69129076
68999302
68678003
68665502
68580388
68574576
68554818
68550702
68107544
68070320
68040482
67434467
67227198
67183124
66420703
66379968
66031526
65809078
65702896
65435244
65388637
65208198
65138660
65103235
65040246
64922121
64915370
64906610
64779625
64719431
64648672
64225879
63919081
63916703
63831596
63492885
63095865
62887911
62858990
62106653
61932086
61854583
61588837
61559802
61488266
61434392
61396893
61251518
61056177
60876045
60688439
60341074
60339919
59830849
59610346
59560392
59326380
58961899
58815117
58622842
58596172
58592358
58563710
58484054
58459907
58273629
58251032
58101697
57950696
57939409
57819020
57814188
57675991
57596177
57176259
57068889
56990641
56377449
55526610
55501680
55350803
55332664
55329990
54887261
54886661
54850073
54837267
54776208
54745341
54742052
54582351
54222062
54142221
54100987
53754701
53544310
53277739
53224218
52889959
52739692
52726880
52689028
52595370
52177962
51886477
51883286
51817714
51565410
51496853
51434754
51344191
51288790
51283438
51281415
51268983
51262365
51099943
51088575
51007286
50938858
50479670
50415660
50231840
50151002
50018737
49921130
49804793
49680629
49652677
49592569
49517595
49371371
49369586
49276253
49264277
49039520
48973830
48969944
48741943
48700060
48566442
48370569
48079278
48028022
47941932
47231826
46861152
46839365
46675166
46465478
46438954
46401891
46186420
46096234
46011765
45939046
45736057
45713259
45570049
45494219
45488322
45358654
45299212
45208564
45131274
45086998
44746906
44644471
44524405
44517400
44470307
44442788
44337286
44282547
44273256
44205860
43957312
43931260
43854673
43811909
43371469
43355848
43268692
42883181
42784266
42557193
42491660
42430928
42417768
42056836
42007925
41925512
41837845
41804399
41771563
41660067
41615079
41577501
41424540
41390532
41241086
41156723
41110701
41107202
40985357
40859596
40544348
40476554
40451602
40361893
40068604
40068024
40056544
39728664
39526842
39506144
39374691
39334216
39331711
39083239
38981106
38618002
38579200
38564889
38345055
38115530
38098910
37697664
37599947
37565282
37473699
37241475
37005847
36930103
36503975
36472903
36405721
36267007
36241259
36186306
36164358
36155626
36152819
35890959
35887726
35877001
35846224
35773211
35742889
35562977
35506063
35480758
35181074
35068614
35047244
34660592
34611135
34519258
34399367
34374410
34056653
33380775
33089261
32761479
32174597
31566918
31379761
31208749
31177749
31168217
31129094
31058200
30937080
30772252
30634559
30557052
30269433
30173839
30167225
30077627
29950502
29871420
29705352
29668108
29667717
29379535
29003751
28986795
28963517
28958867
28265153
28247617
28221873
27975933
27930518
27517826
27474229
27446178
27358544
27273762
27149565
27144665
27101507
26829168
26777692
26390688
26345902
26267388
26191991
26150877
25973693
25757866
25633819
25537902
25433732
25348086
25240012
25226722
25115424
24858872
24663950
24528910
24489911
24310625
24209031
24137042
24130328
24037008
23862486
23710901
23699605
23668166
23574749
23442691
23249524
23204679
23192122
23159151
23030241
23017039
22701484
22466913
22355231
22187186
22073540
21903661
21889290
21784998
21660650
21590845
21399667
21236551
21220291
21162984
21144585
21009717
20922101
20818267
20741619
20707640
20652450
20587890
20418414
20410590
20374670
20311273
20210848
20003333
20002772
19940624
19846519
19738629
19294150
19187241
19081607
19069157
18767612
18433730
18425179
18180075
18165622
18153963
18000450
17803412
17756588
17748326
17682908
17505552
17011650
16945555
16939939
16842598
16777550
16777274
16756254
16461324
16084828
15926985
15926549
15746423
15738675
15687192
15684049
15388159
15235833
15054109
14955468
14937479
14886513
14862315
14852162
14850331
14831349
14771224
14710024
14677483
14671425
14513043
14415322
14309440
13956699
12852830
12801031
12647947
12505638
12262234
12166120
12092328
11935491
11764928
11685380
11654398
11565874
11469516
11263856
11241620
11222143
11110584
10900216
10451993
10206395
9997961
9973902
9874407
9724783
9550960
9509999
9506799
9492036
9423761
9281316
9231902
9188576
9046334
8998686
8564450
8529611
8488176
8446401
8419605
8356703
8312377
8083298
7931883
7800780
7761752
7711038
7646279
7455960
7444411
7412843
7383670
7382079
6962533
6951101
6924083
6712414
6593120
6578988
6527914
6523673
6302272
6162412
6076125
5676427
5575129
5554158
5540148
5533670
5489788
5229360
5215458
5063038
5016533
4779206
4669741
4661846
4595291
4024260
3856074
3826627
3780997
3770058
3665298
3539085
3519261
3469891
3465941
3396879
3376504
3355712
3321053
3269329
3181230
3163866
3123910
3105574
3076764
2893379
2622926
2539090
2518609
2040711
1988507
1760831
1747758
1610749
1571451
1361268
1239589
1238429
1238339
1238210
1237967
1237961
1237657
1237520
1237492
1237464
1237299
1237245
1237167
1236745
1236649
1236458
1236440
1236270
1236247
1236150
1235699
1235614
1235500
1234747
1234615
1234465
1234279
1234262
1234194
1234045
1233987
1233878
1233861
1233761
1233737
1233689
1233314
1233178
1232694
1232648
1232557
1232277
1232081
1232077
1231870
1231815
1231682
1231527
1231511
1231481
1231312
1230818
1230569
1230567
1230552
1230203
1229881
1229856
1229728
1229625
1229603
1229051
1229037
1228915
1228870
1228673
1228500
1227997
1227015
1226614
1226312
1226189
1225999
1225982
1225886
1225815
1225738
1225637
1225632
1225512
1225464
1225164
1225066
1224830
1224624
1224119
1224083
1224033
1224026
1223697
1223682
1223617
1223419
1223366
1223040
1222904
1222694
1222379
1222371
1222115
1221816
1220942
1220351
1220162
1220039
1219988
1219977
1219910
1219888
1219479
1219453
1218634
1218500
1218176
1217688
1217290
1217247
1217136
1216928
1216630
1216552
1216323
1215765
1215710
1215498
1214817
1214038
1213822
1211446
1211175
1210991
1210902
1210873
1209630
1209246
1209127
1207725
1207399
1207380
1206020
1205393
1205024
1204783
1204780
1204661
1204565
1204467
1204238
1204173
1203427
1203406
1202788
1202569
1202339
1201680
1201621
1201523
1201289
1201262
1201167
1201040
1200658
1200139
1199603
1199302
1199148
1198837
1198623
1198593
1198365
1197870
1197813
1197685
1197539
1196101
1195395
1195069
1195003
1194918
1194857
1194568
1194052
1193963
1193892
1193166
1192461
1191805
1191234
1191001
1190828
1190647
1189849
1189266
1189206
1188919
1188418
1187969
1187537
1186370
1185866
1184809
1184170
1184169
1184157
1183818
1183571
1183365
1183127
1182474
1182009
1181851
1181425
1181019
1180760
1180588
1180491
1180209
1180078
1179871
1179869
1179650
1179495
1179231
1179226
1179111
1178653
1178523
1177666
1177423
1176526
1176297
1175933
1175720
1175457
1175328
1175023
1174879
1174808
1174791
1174508
1174018
1174017
1173507
1173140
1172827
1172000
1171969
1171367
1171350
1171147
1171105
1170839
1170666
1169935
1169828
1169424
1168688
1167930
1167105
1166678
1166629
1166488
1165917
1165392
1165099
1164864
1164246
1163588
1162980
1162823
1162808
1162706
1162106
1161839
1161384
1161215
1160971
1160302
1160246
1160130
1159813
1159743
1159706
1158385
1158172
1157564
1155544
1154966
1152915
1152744
1152207
1152023
1150824
1150333
1150274
1150205
1150145
1149578
1149553
1149411
1149317
1149111
1148583
1148457
1148362
1147930
1147836
1147662
1146740
1146188
1143321
1143033
1142936
1142813
1142205
1140557
1139835
1139074
1138313
1138125
1138116
1138028
1137787
1137507
1137014
1136974
1136534
1136358
1136114
1136025
1135772
1135482
1134911
1134894
1134811
1134449
1134180
1134019
1133962
1133661
1133636
1132492
1132442
1132238
1132035
1131877
1131726
1131134
1130503
1130179
1129604
1129368
1129117
1129026
1128429
1128335
1128289
1127756
1127491
1127240
1126887
1126555
1126204
1124961
1124398
1124363
1124206
1123695
1123313
1123218
1122957
1122896
1122575
1122407
1122304
1122008
1121467
1121288
1121035
1120901
1120599
1120384
1119982
1119348
1118781
1118730
1117678
1117600
1117006
1116624
1116282
1114477
1114459
1114039
1112785
1111645
1111062
1110097
1110004
1109774
1109506
1107167
1106656
1105960
1105547
1104739
1104560
1104318
1104153
1103964
1103762
1103208
1102444
1102410
1102307
1101496
1101343
1101099
1100970
1100640
1100377
1099805
1099646
1099615
1097520
1094542
1094290
1093951
1093696
1092127
1091073
1090810
1090803
1090702
1090049
1089749
1089718
1087990
1086477
1085915
1085645
1085492
1085286
1084525
1083886
1082456
1081856
1081500
1081254
1080975
1080955
1080901
1080613
1079372
1078623
1078505
1077982
1077508
1077373
1076786
1076052
1072252
1071764
1071186
1070568
1070496
1069497
1069350
1067544
1067496
1067463
1066887
1066424
1065826
1065677
1065669
1065424
1064908
1064522
1064445
1063811
1062642
1062307
1061572
1061346
1060924
1060760
1060394
1059812
1059309
1058546
1058350
1058065
1057781
1057264
1057255
1056961
1056911
1056569
1056096
1055932
1055468
1055420
1054991
1054646
1054639
1054164
1051745
1051629
1051557
1051036
1050892
1049442
1049356
1048484
1048413
1047544
1047013
1046193
1045613
1045512
1045454
1045434
1045334
1045246
1044740
1044699
1044385
1044035
1044019
1043001
1042989
1042889
1042638
1042636
1042614
1042389
1041981
1041920
1041844
1041798
1041405
1041312
1041072
1040852
1040544
1039932
1039917
1039079
1038931
1038677
1038439
1038155
1037244
1037042
1036904
1035308
1035307
1034679
1034076
1033762
1032665
1032632
1032103
1030498
1028268
1027370
1027245
1027208
1026978
1026904
1026795
1026517
1026120
1025616
1025427
1025170
1024944
1022690
1022515
1021726
1021207
1020962
1020934
1020876
1020709
1020613
1020376
1019716
1019701
1018968
1018911
1018076
1017898
1017782
1017527
1017505
1017389
1017223
1015642
1015146
1014970
1014610
1014309
1013892
1013829
1013662
1013597
1012757
1012598
1012577
1012550
1012282
1011814
1011239
1011033
1010947
1010698
1010384
1010313
1009968
1009256
1009240
1008612
1008391
1008178
1007978
1007967
1007896
1007709
1007690
1007410
1006262
1005727
1005641
1005220
1004912
1004563
1004460
1004158
1003621
1002306
1001900
1001557
1001351
1001120
1000532
997792
996979
996670
996576
996549
996309
994661
994472
993238
992985
991852
991849
991843
991801
991078
990783
990582
989768
989631
989543
989456
989170
988551
987251
987136
987047
986097
985243
983560
982890
982731
982648
979410
979072
978410
977777
977530
977489
976272
973846
973731
973300
972551
972507
972185
971418
970795
970711
969614
968500
968091
966643
966158
964128
962273
961989
961259
960849
960426
960201
959855
959250
958320
957913
957468
956400
956338
956097
954699
954670
954172
954056
953608
952844
952400
951429
950596
948698
946122
944478
944069
943747
943602
942960
942745
942222
942102
941666
940679
940507
940450
940433
939481
938789
937415
936799
935439
935108
934928
934809
934321
934273
934097
934038
933110
932344
932122
931356
931306
929180
928667
928196
927762
927221
926746
926683
926637
926447
926388
926209
924722
924044
923853
923518
922998
922965
922738
922478
921205
919290
918056
917574
917316
916969
916416
916265
916079
914573
913888
913418
913307
911009
910649
910240
909976
909616
908543
907685
907140
906717
906155
905684
905558
905415
905074
905002
903567
903305
903211
902535
902478
902399
901798
901435
899025
898879
898810
898529
898082
898020
897852
897714
896106
895995
895667
895339
895283
892940
892292
892100
892023
891992
891405
891387
891019
890113
889879
889835
886990
886850
886170
885938
885295
884551
884390
884235
883992
883746
883596
883567
882278
882239
880417
880415
879541
878543
878327
874318
873968
873740
873012
872527
872024
871922
870778
870180
869152
868628
868250
866676
865498
864565
864297
862910
861113
860922
860585
860421
860411
859072
858584
857533
857259
856579
856411
855888
853860
853786
853276
853274
853171
853121
852892
852836
852814
852415
850970
849586
849476
849445
848580
847712
846900
846095
846090
845264
843991
843680
843095
842196
841822
841698
840834
840256
840224
839754
839483
838901
837721
837478
837228
836752
836310
834472
834299
834276
833972
833592
833348
832118
831426
830749
830688
830201
828989
828326
828307
827965
827837
827212
826295
826053
825656
825050
824969
824903
824686
824556
823682
822949
822228
821378
821292
821010
820565
820365
820134
820118
819302
818041
817819
817777
817280
817267
816583
816463
816192
815844
815690
815221
815029
813335
812912
812904
812594
812524
811737
811484
809982
809680
809340
808817
808423
808325
807498
807232
806916
806200
806165
806031
806027
805968
805903
805819
804208
803734
803699
802237
802095
801930
801230
801173
801095
800901
800897
800396
799961
799922
799566
799083
798286
798250
796857
796814
796308
795455
795238
794554
794220
794005
793147
793022
792930
792817
789973
789966
789339
789159
788590
788318
786469
786076
785553
785526
785427
785269
785180
785179
785027
785001
784807
782766
777464
777272
777036
776947
776761
771426
769880
767822
767782
767450
767075
766838
766377
766220
765401
763390
761478
761209
760274
759900
759362
758887
758166
758078
757677
756412
755112
754570
753814
751793
751362
750714
750401
749029
748876
748340
747271
746889
745868
745423
744329
743563
742775
742302
742175
741688
741253
741191
740676
740266
739113
738905
737904
737467
736840
736597
734141
733614
732740
731925
731358
730609
730270
730245
729807
729544
728713
727052
726754
726417
725775
725327
724936
723596
723129
722651
721421
720029
719924
719181
718630
717727
717161
716818
716606
715876
715852
715729
714324
713389
712156
711199
711192
709876
709414
709074
708530
708211
707641
707338
706962
706443
706071
705899
705750
705052
704228
704024
703941
702032
701875
700463
698389
698297
698196
692893
692119
692002
690633
690578
690450
689785
689174
688858
688825
688068
686790
686569
684871
683912
682041
682023
682014
682008
681825
681751
681742
681734
681448
681376
681368
681288
680856
680239
680089
679850
678056
677054
676382
676378
676153
675913
675809
675720
674949
673574
673278
673089
671916
670868
670048
663986
663791
663527
663394
663246
663155
662417
661724
660860
659845
659731
657512
657417
653429
653355
652457
652074
651273
650034
649492
649283
648455
647623
645444
643531
643366
642373
641730
641282
641075
640155
638710
637093
637091
636960
636610
633337
633056
632726
632397
632172
631192
630480
628723
628356
625029
623291
622938
619562
617726
616431
616328
616136
615777
615553
613336
612706
612349
610768
610717
608677
607577
607475
604675
604652
603176
603166
603050
603033
602870
602285
601732
601434
601417
601388
600656
598471
598028
597260
596851
596170
596161
595858
595035
594888
594284
593346
592554
592436
592071
591278
590898
590819
590244
589171
588836
588634
588068
587755
587620
587141
587126
586909
586828
586042
585892
585691
585385
584457
584450
584448
584304
584211
584187
584127
583624
581625
581614
581463
581113
580688
580387
579980
579336
578844
578376
578318
578294
577922
577589
577134
577084
575954
575742
575692
575191
575086
572864
572483
571985
571251
571071
570675
570361
569168
568507
567895
567395
566536
565617
564703
564124
563518
563412
563093
562902
562379
562370
561546
561209
560613
560467
559205
558761
558065
557711
557463
555651
555280
555260
555089
554746
554325
553648
553549
552467
552213
551738
551056
550846
550749
550559
550359
550231
549604
549305
549113
549051
548979
548915
548591
548562
548468
546299
546224
545970
545767
544921
544808
544375
543880
543665
543307
543253
543176
542904
542817
541193
541001
540819
540227
540185
540032
539838
539649
539362
538430
538248
537873
536908
536630
535446
535315
534933
534380
533882
533700
533346
533215
532387
532144
531960
530929
530871
530487
530401
530340
529899
529856
529822
529725
529526
528779
528042
527578
527556
526003
525524
525007
522509
522423
522334
522274
522183
522167
520726
520657
520118
519084
518926
518574
518261
518166
517850
517745
517685
517514
517322
517265
516951
516219
516117
515683
514602
514530
513867
513657
513321
512961
512928
512255
512209
512150
511413
511226
510927
510874
510605
510575
510477
510078
510061
509866
509673
509625
509478
508832
508661
507701
507503
507473
507463
507038
506417
506378
505880
505812
505533
504801
503957
503853
503835
502715
502448
501841
501789
501788
501467
501396
500773
500660
500659
499622
499385
499138
498893
498573
497790
497162
497093
496436
495742
495685
495213
494970
494868
494101
493974
493903
493724
493657
493547
493454
492839
491584
491458
490750
490710
490505
490279
490053
490003
489852
489758
489709
488656
488487
488290
487946
487885
486764
486340
486083
486025
485704
485240
485202
485017
484844
484719
484509
484392
484123
483678
483625
483443
483354
483007
482703
482681
482265
482054
481952
481860
481765
481578
481562
481459
481445
481348
481196
480873
480649
480433
479949
479695
479062
478953
478812
478807
478232
478216
477654
477469
477300
476924
476434
475783
475716
475252
474756
473698
473584
473581
472554
472428
472340
472039
470648
470632
470120
469650
469493
469103
468989
468715
468430
467779
467132
466089
466001
465840
465705
465666
465595
465295
463537
463452
462655
462397
462366
462240
462148
461791
461482
461440
461070
461034
461006
460724
460517
460497
460350
458854
458759
458634
458525
458412
458166
458161
458070
457792
457427
456907
456093
455930
455756
455741
455700
455412
455362
455336
455259
455254
455166
454871
454775
454638
453794
453658
453503
453374
453326
453097
453082
452797
452672
452664
452544
452081
451989
451510
451377
451321
451090
450925
450853
450837
450594
450497
450357
450146
450145
449028
448067
447768
447409
446836
445702
445351
445303
445054
444391
444093
444055
443998
443854
443596
443216
442845
442645
442585
442225
442100
440754
440461
440379
440321
440217
440168
439954
439950
439774
439691
439563
439084
438755
438720
438591
438252
437175
437166
436810
436735
436499
436359
435928
435555
435478
435203
435123
435047
434539
434511
434044
434024
433890
433802
433633
433540
433373
432738
432677
432653
432519
432352
431947
431383
431020
430567
429767
429680
429628
427765
427605
427433
427312
427304
427011
426681
426604
426403
426302
426113
425811
425781
425514
425485
424316
423869
423652
423618
423534
422857
421892
421293
420993
420718
420215
420032
419743
419423
419210
418608
418460
416954
416645
416371
415799
415290
415272
414185
414178
413687
413054
412300
411389
411187
411029
411000
410898
410494
410371
409587
409073
408490
408330
408218
408196
407935
407515
407200
407100
406856
406825
406596
406293
406184
406017
404525
403793
403665
403486
403398
403199
402816
402225
402181
402160
400636
400614
400462
400341
399515
399378
398729
398724
397694
397676
397537
397443
397190
397097
397061
396898
396578
396513
395517
395480
395398
395214
394057
393296
393025
392915
392282
392277
392153
392147
391027
390836
390460
390209
390030
389764
389331
389309
388415
388209
386794
386707
386198
386048
385902
385760
384474
384388
384025
383878
383848
383718
383346
383251
383222
383081
382990
382327
381456
380914
380907
380778
380752
380381
379681
379559
379519
379450
378749
378711
378512
378351
378341
377911
377873
377777
377428
376904
376626
376539
374934
374769
374744
374253
374013
373994
373637
373414
373239
373146
372641
372516
372330
372025
371955
371834
371790
371530
370412
370074
370056
370037
369900
369852
369814
369241
368777
368394
368152
368063
367933
366947
366284
365981
365779
365505
365296
365161
364718
364291
363720
363690
363666
362995
362331
361702
361638
361002
360342
360253
360151
360047
359880
359593
359263
359068
357725
357464
357432
357383
357275
356684
356387
356350
356314
356213
356116
355540
355433
355432
355228
354499
354397
354066
353940
353807
353669
353582
352819
352699
351562
351064
350193
349738
349673
349441
349408
349287
348975
348095
348022
347895
347810
347063
346729
346386
346136
345443
345338
344716
344543
344467
344019
343921
343815
343670
343565
342941
342821
342764
342645
342636
342516
342397
341642
341504
341347
341028
340928
340339
340209
339986
339524
339508
339382
339303
339234
338950
338902
338645
338581
338491
338375
338273
337729
337031
336663
336483
336376
335922
335902
335451
334861
334412
334365
334339
334202
334201
334142
334114
333919
333791
333775
333758
333706
333320
333248
333081
332991
332658
332603
332321
331985
331967
331964
331742
331490
331231
330943
330693
329662
329396
329256
328403
328103
328073
328066
327994
327825
327748
327624
327606
327460
327384
327212
327038
327022
326801
326580
326501
326458
326321
326299
326251
326011
325618
325588
325560
325481
325322
324937
324815
324814
324479
324436
324342
324303
324074
323837
323797
323776
323745
323738
323687
323548
323527
323337
323319
323235
322717
322662
322653
322502
322296
322095
321371
321092
320975
319685
319682
319491
319423
319207
319169
319040
318899
318824
318803
318746
318434
318260
317577
317154
317120
316952
316859
316839
316523
316340
316330
316289
316203
316161
315901
315722
315374
315344
315286
315030
314907
314884
314776
314577
313985
313844
313454
313030
312866
312557
312484
311560
310851
310344
310142
309551
309136
307544
307423
306997
306469
306384
306121
306010
305163
305036
304826
304788
304226
303322
303187
303058
302994
302392
302235
302201
301888
301598
301182
301058
300658
299738
299494
298896
298853
298609
298237
298235
297878
297703
297700
297662
297122
297106
296991
296213
296141
296007
295665
295036
294921
294840
294741
293732
293706
293471
293430
293343
293220
292987
292703
292407
292395
291675
291654
291508
291499
291419
291409
290983
290954
290592
289654
289636
289583
288958
288339
288321
287154
286904
286132
286075
286017
285371
285216
285099
285089
284323
283372
283122
282258
281057
280076
279943
279608
279133
278981
278060
277980
277978
277781
277658
277447
277388
277239
277166
277048
276629
276586
276475
276275
275112
275067
274936
274691
274564
273821
273411
272973
272027
271680
270922
270790
270646
270462
270434
270043
269506
269136
268726
268533
268523
268486
268022
267694
267419
267118
266681
266400
266286
266264
266121
265908
265781
264994
264969
264917
263720
263529
263101
263094
262834
262589
261971
261205
260239
260174
260107
259836
259761
259588
259181
259166
259155
258668
258250
258046
258008
257891
257807
257656
257646
257533
257413
257390
257258
256848
256601
256508
256500
256380
256311
256189
256168
255837
255574
255473
255207
255156
254364
254131
253970
253943
253876
253875
253590
253391
253254
252817
252712
252289
252198
251675
251649
251299
251215
251109
250827
250813
250692
250684
250599
250544
250523
250476
250404
250105
249482
249465
249326
249254
249192
249181
249084
248998
248534
248398
247871
247848
247635
247560
247398
247191
246733
246562
246441
246312
246276
245857
245322
245291
245261
244973
244859
244781
244578
244375
244286
243561
243521
243165
242834
242231
242045
241826
241762
241384
241188
240998
240794
240762
240629
240523
240495
240159
239838
239764
239648
238695
238553
238551
237781
237750
237302
237106
236960
236568
236513
236252
235968
235950
235841
235816
235797
235777
235521
235444
235380
235335
234928
234771
234603
234522
234474
234442
234266
234229
233930
233602
233549
233048
232969
232916
232904
232034
231846
231229
231150
231140
231128
231116
230869
230792
230657
230589
230277
230141
230033
229776
228961
228861
228747
228633
228528
228024
228000
226645
226498
226327
225864
225267
225193
225065
224926
224713
224517
224031
223082
222718
222209
222119
221691
221551
221392
221162
221127
220501
220479
220468
220346
219758
219551
219399
219081
219070
218457
218267
218162
218018
217068
216555
216544
216539
216527
216516
216508
216490
215823
215458
215380
215306
214734
214188
213996
213921
213463
213109
212973
212939
212903
212082
211745
211375
211342
211191
210828
209507
209499
209113
209044
209017
208804
208595
208498
208253
208143
207687
207364
207044
206892
206315
206174
205840
205742
205321
205222
203777
203008
202849
202575
202249
202219
201603
201552
201322
200982
200952
200590
200340
199928
199867
199655
199630
199558
199454
199407
199007
198783
198732
198680
198658
198549
198268
198245
198225
198205
198113
197955
197640
197610
197357
197301
197287
197050
196851
196847
196769
196766
196457
196154
196126
195981
195782
195773
195764
195745
195312
195309
195167
193928
193724
193109
192943
192903
192562
192106
191766
191185
190743
190590
190435
190328
190263
190236
190225
189726
189619
189057
188940
188934
188813
188636
188210
187945
187932
187747
187593
187193
187032
186750
186341
185880
185706
185438
185349
185175
184892
184639
184534
184218
184170
184126
183781
183553
183273
183009
182694
182586
182493
182472
182197
182006
181888
181844
181239
181121
181067
181053
180126
179927
179508
179449
179363
179287
179132
179061
179004
178657
178602
178314
178057
177658
177571
177385
177174
177170
177029
176955
176892
176809
176771
176656
176599
176536
176282
175964
175654
175253
175120
175060
174589
174565
174523
174010
173766
173469
173382
173267
173061
172901
172815
172717
172646
172629
172611
172494
172396
171978
171752
171738
171538
171470
171202
171065
170037
169901
169707
169659
169361
168947
168883
168863
168855
168805
168718
168473
168205
167820
167787
167739
167666
167392
167249
167002
166770
166740
166733
166653
166590
166548
166502
166320
165934
165684
165409
165357
165012
164923
164131
164019
163818
163421
163317
163091
162707
162330
162260
161974
160625
160444
160389
160339
160236
160081
160073
159981
159542
159399
159321
159186
158863
158804
158629
158374
158338
158231
157798
157305
157014
156984
156830
156771
156272
156254
156020
155928
155111
155041
154745
154669
154186
154018
153723
153631
153337
153240
153122
152805
152741
152671
152670
151718
151655
151591
151416
151303
151297
150801
150070
150060
149893
149667
149638
149601
149293
148947
148885
148876
148705
148416
148332
148072
148048
148039
148037
147860
147698
147688
147314
147154
146972
146550
146355
146237
145937
145712
145554
145527
145274
144758
144498
144225
143639
143247
143056
142952
142948
142945
142775
142112
141952
141911
141902
141865
141849
141823
141811
141468
141454
141445
141443
141241
140722
140574
140053
139998
139465
139371
138868
138865
138606
138566
138565
138456
138385
138306
138185
137906
137792
137437
137309
137212
137050
137047
136862
136783
136313
136064
136007
135739
135570
134674
134410
134265
134142
133989
133986
133961
133820
133683
133671
133496
133329
133154
133039
132728
132658
132604
132487
132463
132367
132352
132322
132273
132132
132094
131141
130786
130713
130549
130496
130453
130404
130239
130176
130085
130054
129947
129832
129469
129185
129138
129115
129102
129031
128969
128898
128802
128699
128691
128669
128398
128187
127996
127930
127733
127400
127175
127156
127152
127134
127028
126970
126968
126743
126644
126555
126385
126296
126289
126278
126226
126198
126160
126101
126016
125850
125583
125540
125485
125449
125351
125134
124966
124870
124856
124123
124112
124001
123936
123808
123806
123622
123509
123482
123400
123170
123135
123118
123063
123005
122706
122664
122620
122556
122516
122511
122399
122384
122316
122236
122003
121848
121807
121484
121428
121326
121325
121324
121200
121135
121078
120973
120756
120694
120559
120521
120513
120277
120206
120116
120062
120013
120001
119967
119882
119772
119582
119530
119437
119432
119418
119403
119364
119262
119255
119163
119084
119021
119017
118991
118976
118837
118823
118728
118712
118652
118592
118539
118493
118415
118391
118369
118278
118238
118219
118135
118127
118090
118060
117911
117807
117721
117691
117577
117539
117515
117448
117385
117273
117250
117219
117182
117154
116997
116907
116780
116686
116625
116448
116427
116359
116196
116178
116154
116129
116054
116047
115975
115969
115928
115921
115913
115878
115875
115868
115817
115807
115767
115755
115704
115694
115625
115618
115596
115550
115502
115500
115487
115472
115463
115446
115415
115261
115257
115227
115176
115108
115083
115082
115051
115045
115034
114994
114963
114925
114891
114863
114827
114815
114798
114790
114729
114724
114720
114718
114707
114660
114655
114570
114547
114518
114497
114483
114468
114465
114456
114451
114401
114277
114245
114059
114035
114026
113994
113953
113947
113889
113866
113858
113857
113843
113835
113812
113797
113791
113777
113770
113761
113748
113743
113676
113650
113590
113579
113559
113473
113469
113464
113426
113414
113352
113315
113311
113300
113237
113149
113138
112993
112959
112957
112937
112929
112894
112887
112879
112849
112840
112831
112820
112779
112775
112770
112766
112764
112749
112744
112721
112706
112691
112690
112666
112665
112651
112648
112647
112642
112641
112636
112609
112604
112593
112581
112579
112550
112546
112543
112502
112464
112449
112445
112442
112438
112430
112413
112395
112387
112378
112372
112362
112348
112325
112300
112262
112252
112151
112047
112044
112033
111999
111942
111894
111860
111856
111851
111770
111752
111736
111724
111721
111719
111717
111696
111693
111664
111655
111624
111548
111547
110326
109493
109421
108429
108125
107664
107460
106574
104586
103931
102293
100438
99509
97021
95312
85244
81856
80341
74313
71095
67102
62200
49943
42808
41923
32457
27165
25191
22234
16960
14729
14635
12778
11704
10463
