224356734
224356687
224356377
224356347
224356279
224356165
224356097
224355905
224355469
224355431
224355403
224355272
224355248
224354882
224354801
224354507
224354494
224354457
224354284
224354219
224353734
224353733
224353703
224353358
224352996
224352575
224352376
224352347
224351930
224351863
224351838
224351780
224351499
224351296
224351275
224351166
224351017
224350779
224350755
224350395
224350393
224350272
224350211
224349919
224349842
224349692
224349475
224349321
224349222
224349043
224348976
224348520
224348187
224348182
224348180
224347990
224347705
224347326
224347144
224347143
224346827
224346722
224346605
224346584
224346203
224345989
224345885
224345869
224345630
224343856
224343136
224343048
224342928
224342911
224342845
224342797
224342742
224341939
224341649
224341517
224341337
224341277
224341095
224340975
224340897
224340875
224340857
224340842
224340751
224340656
224340603
224340128
224339966
224339920
224339839
224339616
224339543
224339541
224339513
224339511
224339417
224339380
224339355
224339202
224338917
224338804
224338776
224338669
224338545
224338389
224338316
224338112
224337499
224337373
224337360
224337245
224337131
224337059
224337024
224336959
224336765
224336568
224335681
224335671
224335655
224335603
224335598
224335463
224335434
224335117
224334888
224334635
224334576
224334460
224334450
224334306
224334271
224334183
224333929
224333835
224333333
224333326
224332636
224332452
224332420
224332207
224332190
224332163
224331786
224331530
224331285
224331008
224330942
224330820
224330500
224330440
224330011
224329754
224329738
224329593
224329384
224329236
224328964
224328833
224328598
224328596
224328518
224328479
224328478
224328347
224328326
224328261
224328260
224328061
224328026
224327763
224327299
224327277
224326765
224326279
224325541
224325408
224324739
224324523
224318568
224316067
224315953
224315891
224315825
224315524
224315386
224315192
224315169
224315168
224314846
224314474
224314268
224314219
224314084
224313766
224313373
224312911
224312360
224311852
224311384
224311302
224310751
224310451
224310235
224310136
224309885
224309303
224308997
224308923
224308740
224308671
224308350
224308094
224307828
224307613
224306977
224306465
224306453
224306153
224305649
224305634
224305195
224305063
224304911
224304398
224304096
224303886
224303725
224303531
224303262
224303010
224302973
224302917
224302906
224302598
224302561
224302530
224302314
224302267
224302220
224301980
224301972
224301927
224301912
224301868
224301650
224301531
224301355
224301268
224301246
224301212
224301138
224300987
224300723
224300686
224300549
224300159
224299941
224299905
224299745
224299586
224299522
224299476
224299455
224299235
224299061
224298966
224298531
224298511
224298270
224297772
224297464
224297453
224297216
224297202
224297199
224297174
224297116
224296957
224296885
224296842
224296631
224296222
224295882
224295843
224295298
224295237
224295124
224294939
224294380
224294322
224293968
224293954
224293678
224293557
224293448
224293299
224293224
224293186
224293151
224292941
224292836
224292600
224292550
224292444
224292295
224292259
224291930
224291825
224291813
224291735
224291669
224291510
224291487
224290934
224290768
224290573
224290117
224289671
224289493
224289279
224288972
224288887
224288649
224288631
224288130
224288129
224287356
224286956
224286917
224286747
224286489
224286315
224285767
224285603
224285382
224285187
224285022
224285018
224284606
224283760
224283728
224283703
224283643
224283154
224282925
224282898
224282880
224282761
224282512
224282467
224282281
224282150
224281917
224281733
224281664
224281186
224281132
224280909
224280778
224280752
224280739
224280046
224279960
224279845
224279692
224279400
224279179
224278939
224278340
224278123
224278097
224277965
224277765
224277266
224277145
224277121
224277005
224276867
224276445
224276378
224276251
224276129
224275676
224275595
224275533
224275418
224274803
224274503
224274271
224274179
224274151
224274129
224274004
224273635
224273506
224273215
224273203
224273046
224272924
224272758
224272643
224272525
224272409
224272377
224272281
224272185
224271999
224271778
224271633
224271417
224271333
224270789
224270420
224270389
224269730
224269613
224269544
224269249
224269228
224269085
224268938
224268856
224268760
224268635
224268634
224268617
224268100
224268008
224267791
224267537
224267426
224267361
224267192
224267178
224266789
224266657
224266333
224265752
224265358
224264811
224264460
224263816
224263634
224263507
224263470
224263401
224263342
224263202
224263035
224262636
224262414
224262375
224262251
224262081
224262013
224261719
224261152
224260498
224260462
224260446
224260218
224260093
224259609
224259447
224258744
224258654
224258273
224258260
224257975
224257862
224257773
224257748
224257455
224257374
224257359
224257302
224257249
224257019
224257011
224256990
224256938
224256880
224256676
224256658
224256440
224255941
224255073
224255030
224254954
224254914
224254906
224254749
224254743
224254645
224254549
224254505
224254322
224254283
224254178
224254045
224254042
224253997
224253417
224253388
224253296
224253280
224253041
224252943
224252425
224252315
224251997
224251947
224251844
224251595
224251474
224250788
224250132
224250106
224249999
224248936
224248930
224248651
224248181
224248049
224247317
224247158
224247052
224246976
224246373
224246152
224246093
224245819
224245591
224245496
224245463
224245341
224244179
224244116
224244106
224243954
224243834
224243699
224243653
224243617
224243055
224242494
224242448
224242389
224242332
224242160
224241737
224241675
224240688
224239972
224239879
224239324
224239239
224239136
224239134
224238868
224238832
224238041
224237394
224237247
224237073
224236981
224236417
224236229
224235606
224235152
224234926
224234921
224234628
224233275
224233045
224232407
224232349
224231709
224231626
224231187
224229953
224229684
224229426
224228566
224228342
224228313
224228004
224227985
224227771
224227348
224227082
224226984
224226556
224226520
224226253
224225983
224225885
224225237
224225172
224224701
224224460
224224195
224224158
224223755
224223386
224223134
224222461
224222424
224222355
224222252
224222093
224222031
224221963
224221958
224221685
224221670
224221449
224221440
224221346
224221081
224221068
224221032
224220701
224220699
224220678
224220643
224220490
224220132
224220035
224219230
224219199
224219018
224218906
224218672
224218533
224218377
224218019
224217965
224217110
224216899
224216834
224216741
224216693
224216642
224216498
224216333
224216205
224216073
224215878
224215862
224215772
224215744
224215740
224215722
224215702
224215564
224214342
224212165
224210991
224210819
224210694
224210502
224209678
224209672
224209481
224208335
224208084
224207639
224207066
224206605
224206329
224206134
224205692
224205205
224204924
224203383
224202985
224202850
224202765
224202736
224202611
224202194
224201901
224201824
224201787
224200633
224200308
224200076
224200024
224199317
224199127
224198967
224198318
224198157
224197690
224197668
224197211
224196923
224196500
224196360
224196167
224196027
224195872
224195081
224194888
224194365
224194242
224194087
224192320
224192264
224192220
224192175
224192141
224191657
224191214
224191170
224191141
224190982
224190833
224190770
224190727
224190547
224190456
224190367
224190046
224189515
224189218
224188676
224188571
224188344
224187772
224186753
224186726
224186699
224186570
224185980
224185398
224184956
224184897
224184678
224184386
224184385
224184300
224184229
224183950
224183221
224182969
224182044
224181631
224181439
224181140
224181124
224181116
224181076
224180948
224180737
224180635
224180594
224180316
224180135
224180064
224180039
224179889
224179851
224179785
224179719
224179680
224179629
224179378
224179295
224179139
224179003
224178933
224178455
224177826
224177428
224177079
224176818
224176666
224175964
224175687
224175668
224175483
224175418
224175090
224175060
224174994
224174903
224174871
224174490
224174439
224174425
224174414
224174307
224174226
224174213
224174162
224173999
224173966
224173815
224173586
224172987
224172907
224172720
224172376
224171744
224171726
224171515
224171428
224171220
224171106
224170877
224170632
224170349
224170164
224169677
224169559
224169454
224169326
224169292
224169186
224169044
224168998
224168882
224168775
224168721
224168097
224167803
224167489
224167227
224166963
224166936
224166764
224166666
224166219
224166120
224165640
224165084
224164903
224164864
224164851
224163797
224163727
224163622
224163387
224163358
224163325
224163151
224163147
224163121
224163040
224162675
224161639
224161609
224161573
224160786
224160095
224159980
224159889
224159134
224159023
224158265
224158127
224157724
224157511
224156725
224156617
224156590
224156471
224156114
224155228
224155167
224154727
224154647
224153127
224152738
224152690
224151995
224151694
224151632
224151199
224150966
224150910
224150545
224150006
224150004
224149772
224149725
224148305
224148149
224147313
224146784
224146353
224146184
224145738
224145578
224145506
224145369
224145210
224145069
224144754
224144627
224144158
224143547
224143273
224142669
224142145
224141455
224140842
224140683
224140325
224140269
224140257
224140179
224140031
224139939
224139532
224139394
224139225
224139162
224138687
224138632
224138239
224138189
224138014
224137928
224136497
224136386
224136124
224135909
224135904
224135708
224135645
224135091
224134873
224134857
224134630
224134549
224134284
224134224
224134076
224133752
224133042
224130841
224130790
224130071
224129948
224129934
224129911
224129726
224128652
224128576
224128529
224127648
224127608
224127521
224127508
224127205
224126612
224126407
224125352
224125241
224124159
224124038
224123808
224123379
224122894
224122811
224122593
224122128
224122086
224121617
224121196
224120893
224119359
224119241
224118897
224118488
224117858
224117204
224116730
224116033
224116013
224115571
224115456
224115017
224114199
224114007
224113442
224113391
224113204
224113095
224112988
224112439
224112172
224111867
224111848
224111443
224110936
224110875
224109978
224109886
224109539
224108649
224108558
224108543
224108411
224108250
224108156
224107966
224107898
224107781
224107510
224107279
224106997
224106777
224106213
224106037
224105981
224105684
224104741
224104713
224104627
224104613
224104593
224104356
224104320
224104204
224103450
224103172
224102790
224102604
224102338
224101929
224101645
224101584
224101470
224101197
224100447
224099932
224099767
224099219
224098591
224098211
224098061
224098011
224097317
224097234
224097216
224097045
224097041
224096951
224096917
224096860
224096788
224096635
224096634
224096601
224096437
224095904
224095804
224095584
224095485
224094788
224094576
224094546
224094360
224094303
224093368
224092944
224092935
224092711
224092668
224092572
224092385
224092312
224092298
224092240
224091846
224091266
224091063
224090501
224090363
224089878
224088728
224087933
224087747
224087448
224087300
224086536
224086426
224085730
224085073
224085044
224084247
224084089
224083964
224083913
224083641
224083036
224082931
224081876
224081810
224081397
224080916
224080664
224079923
224079673
224079515
224079508
224079401
224079389
224078863
224078858
224078554
224078257
224078227
224077902
224077804
224077289
224076784
224076159
224075967
224075894
224075500
224075446
224075061
224074888
224074712
224074222
224073997
224073762
224073713
224073680
224073565
224073482
224073239
224072960
224072905
224072176
224072082
224071813
224071074
224070728
224070289
224069876
224069235
224068946
224068733
224068447
224068185
224068171
224068049
224067911
224067831
224067669
224066906
224066863
224066298
224066162
224065663
224065502
224065364
224065183
224065086
224064572
224064205
224063756
224063739
224063433
224063296
224063292
224063156
224062947
224062837
224062404
224062376
224062370
224062205
224062064
224062052
224061983
224061968
224061925
224061696
224061430
224061224
224061021
224060739
224060633
224060570
224060548
224060116
224059819
224059509
224059259
224059108
224058720
224058487
224058285
224057610
224057455
224057388
224056650
224056641
224056631
224056608
224056595
224056571
224056567
224056531
224056519
224056492
224056490
224056448
224056391
224056364
224056326
224056305
224056285
224055944
224055575
224055250
224055078
224054865
224054674
224054519
224053939
224053681
224053598
224053162
224053134
224052736
224052389
224051777
224051550
224050746
224050366
224049383
224049139
224049025
224047302
224047261
224047130
224047075
224046690
224046097
224046033
224045086
224044769
224044767
224044214
224044096
224043836
224043650
224043270
224043052
224043000
224042989
224042338
224042228
224041071
223798130
223422434
223391943
223350902
223182860
222926816
222673534
222622154
222492642
222302977
222081471
221902702
221141173
221128493
220849927
220773542
220469949
220377272
219968836
219903035
219796733
219629216
219585452
219443740
219355384
219338024
219112376
218683439
218645737
218489027
218255598
218159909
218138334
218010942
217808408
217691046
217682676
217625202
217485403
217298555
217291195
217147000
216873207
216451532
216344464
216292344
215878301
215549916
215333610
215317910
215303776
215135884
215130012
215093783
214985300
214969755
214891431
214700207
214689653
214589748
214549114
214167632
214139430
213867949
213702402
213507239
213422022
213379901
213328944
213227998
213115611
212764846
212752836
212680651
212627963
212529700
212474893
212465688
212433836
212329745
212303857
212290371
212259001
212236266
212231289
212214047
212130780
211986565
211982355
211980427
211640656
211513484
211301413
211243193
211172743
210878695
210745076
210467412
210214550
210160764
209908042
209866473
209748011
209667221
209163706
208993532
208574685
208483924
208470281
208382196
208292926
208210871
208101460
207873449
207779154
207555601
207291463
207172991
206748101
206701195
206539326
206196832
206134840
206076188
205875354
204948867
204537147
204506614
204446069
204246849
203739109
203464441
203195919
202899870
202796205
202637415
202546059
202512657
202437765
202322387
202219376
202204051
202140949
201923170
201455346
201413924
201407075
201223575
200813074
200656363
200187763
200174729
200125642
200081446
199485153
199380279
199272695
199231671
199171217
199126805
199000110
198989399
198469466
198110245
198062633
197493223
196971280
196419232
196287754
196205156
196141168
195962776
195817501
195637403
195630194
195379266
195351252
195319397
195263140
195207543
195100200
194656190
194576391
194151518
194051253
194048441
194041489
193961950
193751780
193616457
193615953
193126623
193089184
193076503
192942761
192865589
192839045
192830751
192601105
192101119
191971153
191889856
191773435
191767170
191763450
191753920
191753341
191699524
191529786
191423454
191385069
190875331
190864148
190855937
190850157
190686398
190381275
190305684
190292773
190283343
190279998
190257641
190249181
190238307
190226513
190119983
190099790
190093170
190039596
189974476
189964108
189948995
189922642
189730936
189654248
189610205
189423623
189297216
188886300
188528640
188512070
188494367
188151725
188013094
187636434
187377310
186877730
186869583
186220513
185851175
185683304
185568499
185518566
185283896
185257112
184927062
184855570
184793152
184738581
184676777
184459789
184437386
184349220
184086825
183906805
183873932
183387851
183375278
183189674
183172135
183077947
183022928
182668530
182226824
182012400
181959644
181902581
181275403
180902290
180575235
180502930
180433175
180351228
180159847
179594484
179430104
179338136
179138805
179116550
179072155
178997212
178734806
178659689
178537909
178336666
178103733
177882757
177881788
177490893
177402737
177395886
177136297
177047600
176642114
176622644
176467496
176191134
176043547
175991641
175706559
175563209
175542729
175283217
175073798
174979153
174977818
174056784
173995551
173934894
173903922
173809229
173240565
173175194
173171239
173024512
172864458
172429953
172325159
172252647
172160566
172121306
172102834
171917226
171888296
171855912
171855198
171847872
171843612
171758140
171649932
171597029
171538637
171514951
171346705
171331873
171166901
171037965
170972104
170809104
170727579
170687576
170678768
170586917
170484090
170459404
170448641
170149438
169853434
169834660
169804580
169773889
169736217
169722465
169630599
169626721
169459602
169450059
169402727
169398600
169370145
169155840
169100424
169066251
169055538
169040599
168983369
168856038
168697780
168680078
168672457
168610798
168589355
168483452
168478765
168478480
168414721
168258560
168180736
168095278
168005377
167767689
167001600
166990940
166627083
166486796
166280586
166103436
166063026
165985703
165921673
165788098
165787507
165733119
165704722
165686633
165536977
165376243
165183763
165091822
165083511
164979097
164714323
164630351
164468429
164375820
164302011
164045095
163931298
163885741
163844182
163802712
163774854
163769745
163642070
163494300
163144762
162957060
162861024
162801636
162410293
162171917
162023016
161931385
161917379
161914089
161833870
161820976
161781059
161607625
161376285
161345845
160570664
160259653
160003990
159910159
159695307
159680533
159558100
159554185
159537426
159523197
159463994
159436159
159125490
158788935
158667927
158566135
158176499
158114721
157944639
157417015
157169591
157024533
156935441
156791119
156769431
156746238
156393733
156301520
156151516
155977362
155303492
155290230
155059805
154860789
154767352
154420660
154189228
153968850
153696949
153641084
153603301
153240778
153153049
152792611
152613938
152305582
152206265
152197483
152063749
151909598
151754336
151689514
151473021
151459675
151443799
151141912
151059553
151024698
150520629
150445153
150231230
150093691
150061496
150023182
149981106
149814841
149649850
149598603
149397233
149175352
148880102
148718442
148279395
148273823
148108239
147628698
147545354
147526728
147421022
147405107
147314830
147049307
147030243
147028007
146839663
146787922
146765894
146527230
146506782
146294328
146253025
145735065
145644995
145621653
145610433
145572520
145455495
145312707
145182685
145009519
144873482
144724003
144697674
143946076
143939298
143895381
143674018
142805677
142728253
142522026
142378653
141965465
141951412
141897958
141897116
141885548
141751006
141611708
140972177
140897818
140339471
139910829
139889066
139756958
139580861
139548608
139539731
139291435
139107221
139080974
139063108
139049112
138852675
138646780
138612314
138201806
137862875
137398913
137275025
137164306
137080505
136584992
136494736
136474846
136267491
135827869
135656421
135335389
135319046
135245247
135220003
135120596
134991635
134414480
134406134
134334239
134287639
134137859
133939805
133871866
133741323
133690924
133540399
133520575
133390259
133341564
133266006
132921226
132406650
132363833
131947682
131701026
131639016
131589567
130928783
130805248
130586801
130360591
130324702
130287882
130019448
129605158
129402641
129264195
129242639
129091473
129049363
129046571
129026610
129020114
129002794
128602159
128454170
128304385
128116394
127869854
127593954
127457258
126816003
126736251
126579075
126432006
126342007
125831398
125614612
125520557
125416134
125408887
125198346
125121420
124456481
124116432
123360695
123305280
123097244
123084505
123077076
122916292
122874403
122704567
122579849
122567773
122537574
122437214
122430695
121705879
121573131
121499951
121247558
121182053
120880608
120732824
120666011
120652063
120570690
120448261
120158894
120008591
119991181
119858847
119750980
119390879
119311162
119099108
119081923
118990205
118962388
118895292
118893229
118888566
118856592
118753391
118696550
118534688
118405706
118348977
118261249
118189041
118118459
118090612
117959477
117786270
117622047
117550580
117537606
117310332
117226529
117114215
117095988
116879735
116856793
116840260
116484006
116400682
116084449
115989158
115796261
115780167
115697463
115579125
115478263
115471573
115222106
115109093
115082542
114861307
114845305
114788298
114364865
113596195
113482460
113417726
113314742
113251767
113116372
113029414
113022494
112895880
112659992
112117883
111866826
111779760
111671365
111413178
111235067
111203449
110834276
110711670
110163743
109735172
109686987
109038706
108847153
108777531
108723845
108231907
108199166
108117015
108095875
107988682
107915461
107854252
107689420
107428492
107222051
107064970
107051173
107017080
106880299
106816382
106570393
106564655
106186788
105711859
105643093
105540946
104981426
104881184
104736789
104617275
104438036
104170619
103820155
103763004
103567852
103087012
103037970
103006916
102979332
102653215
102595369
102443202
102326481
102208226
101951579
101147973
100799017
100697819
100484635
100448546
100172997
100123334
100045671
99809766
99649311
99450364
99330891
99283788
99224197
99188306
99047279
98772254
98077793
98069940
97878893
97878796
97351020
97339179
97335356
97242062
97073450
96630982
96604126
96299741
95422220
95215127
94796106
94676601
94504459
94314921
94130477
94096098
94070669
94069090
94027668
94018362
93978042
93784163
93748612
93538804
93369087
93105513
93073591
92506789
92115739
91971254
91894170
91751925
91372769
91171924
91101408
90774569
90730470
90660087
90624611
90539353
90493058
90355924
90317805
90288793
90186550
89908764
89620994
89090667
88836541
88682650
88638735
88491371
88302201
88094278
88043595
87950232
87710145
87692851
87625727
87254060
87003126
86916079
86533756
86385677
86047218
85872603
85750033
85511234
85227047
85073272
84874189
84563345
84463097
84451679
84381567
84374065
84239217
84226747
84218491
84198354
84178038
84144976
83864243
83773431
83746064
83743372
83586525
83434613
83226503
82357698
82065358
82010327
81843913
81510854
81489331
81394052
81256573
80885822
80857629
80756266
80396347
80190252
79978180
79941616
79878110
79801237
79615473
79569811
79446884
79145014
79098462
78901415
78841875
78822730
78581850
78440413
78370547
78351242
78285007
78282296
78211655
78033733
77987939
77982771
77891254
77872103
77830426
77794409
77778913
77739521
77635734
77629040
77607609
77562445
77376837
77355856
77124243
76530399
76189092
76052144
75984785
75982467
75942840
75913414
75905529
75849211
75835932
75807159
75716821
75499171
74414363
74058226
73399430
73113330
72460974
71848748
71794263
71604591
71545116
71516194
71321121
71178628
71017535
70859341
70661905
70592282
70407924
70312310
70070890
69109306
68798267
68721872
68472383
68072525
67989729
67970358
67913993
67402398
67320904
67073101
66838697
66745544
66368645
66363806
66231291
66119327
65998064
65790655
65746100
65726062
65723971
65693881
65465117
65408419
65017325
64997081
63987088
63567751
63517986
63377973
63119227
63114515
63068193
62901246
62873754
62838822
62788206
62680450
62477885
62040973
61918320
61746562
61163040
61093419
60455030
59960176
59851967
59363487
59264045
59260751
59239158
58564154
58529877
58107221
57865493
57711349
57702702
57175714
57024529
57017617
56923401
56877717
56718467
56713150
56403498
56395736
56273038
56144169
56109298
55797232
55015405
54750729
54698885
54676779
54629093
54555719
54550530
54513145
54353514
54231544
54158340
53917651
53606565
53535588
53516234
53070733
53030893
53007706
52866583
52821473
52568395
52351931
52269999
52102560
52000697
51898816
51583543
51506576
51423738
51071940
51037964
51003909
50998254
50970101
50748435
50641205
50349375
50196343
49859089
49738697
49726560
49505918
49381061
49361329
49238573
49236708
48892714
48697805
48681781
48660382
48241710
48051645
47714546
47602831
47518494
47513242
47511028
47454271
47227920
47119995
46519044
46155983
45756930
45723352
45547362
45500509
45155402
45142028
45048250
44552896
44506170
44410121
44344318
44053072
43877616
43854318
43475615
43246777
43227479
43197379
42768890
42653374
42131678
42087927
41723343
41266591
40891550
40359527
40352254
40189459
40135253
40067093
40043575
40028305
39966160
39721255
39523991
39441872
39368495
39354310
39284454
39145104
39139536
38880985
38842082
38690621
38250638
38053257
37789497
37733246
37659257
37646395
37470258
37441182
37289344
37202272
37198423
37185354
37012473
37010331
36979205
36890703
36872523
36644161
36469623
36387838
36145878
36052257
35853845
35618978
35546745
35433971
35059338
35004547
34956850
34533795
34479736
34229252
34215309
34045964
34026772
33680293
33625810
33284727
33047805
32973767
32666810
32130307
31918158
31897374
31803018
31603106
31388188
31161722
30730628
30671123
30655803
30049210
29793097
29750491
29741788
29427242
29361031
29239361
28919430
28862078
28838656
28366392
28351556
28116579
28034073
27999955
27930805
27833036
27825728
27820955
27805442
27563857
27524031
27494208
27481983
27452839
27380617
27331447
27206763
27085144
27085122
27070040
26964848
26882876
26879953
26747867
26505358
26381354
26371351
26319368
25895901
25824044
25760379
25401650
25384981
25196534
25088294
24610583
24537149
24056019
23945635
23725919
23592115
23544858
23314961
22911610
22721681
22716698
22544735
22506145
22487944
22328251
22129258
21946110
21893518
21632459
21578149
21575291
21534404
21451376
21334199
21201435
21082761
20948961
20872280
20774746
20522180
20321899
19939003
19835100
19823577
19642823
19621815
19476182
19400891
19379459
19273419
19249122
19079429
19078156
19053059
19001838
18887158
18828614
18298907
18249405
18246444
18131103
17934385
17586231
17563971
17526950
17401460
17332123
16965688
16959173
16924114
16919577
16831713
16465962
15840725
15815672
15492570
15360070
15309890
15306884
15150718
15036714
14920804
14875879
14258997
14246148
14160202
14134985
14116299
14066136
13643273
13487229
13158619
12756727
12448039
12287126
12200865
12196718
12037281
12024828
11717529
11649443
11351212
11205252
11068356
11044055
11043475
10848032
10773067
10699895
10695214
10624510
10566270
10439847
10322754
10243898
10218793
10200288
10169241
10109769
10108184
10013928
9970938
9893373
9767513
9535138
9482694
9275322
9243715
9142475
9053696
8991913
8586961
8444558
8389830
8344400
8039680
7983897
7958367
7908361
7617788
7384565
7259017
7047135
7023295
6918806
6620779
6558666
6329951
6109684
4662794
4572118
4323045
4304889
4257511
4249712
4224540
4010306
3728502
3616963
3337464
3173311
3171780
3152825
2961775
2903634
2684959
2680510
2576283
2487534
2458866
2358578
1431546
1238714
1238445
1238286
1237835
1237833
1237714
1236981
1236495
1236245
1235062
1234446
1234418
1234266
1234191
1233782
1233058
1232299
1231937
1231851
1231156
1230932
1230884
1230822
1230486
1229741
1229346
1228608
1228452
1228431
1228332
1228153
1227578
1227282
1227266
1227254
1225978
1224790
1224709
1223736
1223668
1223058
1222804
1221937
1221702
1221423
1221098
1221054
1220466
1220456
1220204
1219789
1218223
1217691
1217639
1217506
1217014
1216674
1216666
1216664
1216644
1216526
1215813
1215738
1215527
1215339
1214855
1213767
1211639
1209664
1208929
1208647
1208614
1208421
1208295
1208142
1208066
1207780
1207187
1206674
1205806
1204989
1204210
1204164
1203984
1203233
1203096
1202821
1202747
1202425
1202199
1201907
1201242
1200961
1200588
1200448
1200127
1200003
1199565
1199497
1198673
1198536
1197859
1197823
1197668
1197157
1196561
1196024
1195900
1195799
1195786
1195763
1195300
1195115
1194449
1193379
1192922
1192857
1192606
1192510
1192445
1191714
1190931
1190709
1190440
1190416
1190328
1189658
1189650
1189295
1189222
1189189
1188531
1188256
1188122
1187679
1187556
1187281
1187159
1187153
1187109
1185792
1185712
1185628
1185602
1185249
1184938
1184929
1184620
1184531
1184440
1184209
1183672
1183509
1183307
1183047
1183035
1182916
1182846
1182645
1182626
1182614
1182597
1182522
1182400
1182161
1182054
1181715
1181437
1181256
1181091
1180969
1180869
1180866
1180771
1180612
1180534
1180076
1179426
1179244
1179203
1178924
1178713
1178554
1178211
1178194
1178036
1178004
1177926
1177671
1177592
1177496
1177092
1176697
1176649
1176549
1176446
1176443
1176419
1176285
1175761
1175092
1174733
1174423
1174136
1173672
1173632
1173402
1173381
1172989
1172978
1172732
1172567
1172523
1172520
1172501
1172240
1172053
1171949
1171843
1171828
1171819
1171791
1171405
1171174
1170755
1170408
1170232
1169501
1168991
1168826
1168749
1168729
1168650
1168560
1168342
1168209
1168154
1168057
1167731
1167270
1166983
1166901
1166875
1166540
1166440
1166350
1166340
1166058
1165934
1165801
1165306
1163750
1163236
1163065
1162911
1162519
1162378
1162020
1161836
1161619
1161399
1161256
1161245
1160761
1160346
1160277
1157693
1157403
1157351
1156741
1156340
1155071
1154617
1154493
1154460
1153838
1152178
1151727
1150655
1150385
1150342
1150128
1149922
1149912
1149910
1149663
1149493
1149192
1149013
1148267
1148173
1148136
1147768
1147178
1147053
1146453
1146217
1146135
1145597
1145140
1144874
1144736
1144712
1144665
1144248
1144116
1144040
1143979
1143807
1143690
1143438
1143386
1142031
1141994
1141854
1141747
1141536
1141531
1141030
1140694
1139637
1139309
1139043
1139032
1138851
1138649
1138635
1137492
1137455
1137431
1137393
1137184
1136288
1136170
1135898
1135843
1135491
1135269
1135001
1134819
1134783
1134199
1133763
1133667
1132582
1132493
1131457
1130515
1129867
1129679
1129649
1129254
1128880
1127978
1127536
1127509
1126640
1126486
1126392
1126125
1125950
1125927
1125465
1125331
1125047
1124988
1124874
1124779
1124731
1124430
1123761
1123618
1123305
1122939
1122929
1122391
1122347
1122245
1122186
1122011
1121616
1121568
1121092
1121006
1120984
1120882
1120768
1120683
1120517
1120416
1120343
1120203
1120062
1119821
1119543
1119495
1119490
1119433
1119413
1118803
1118729
1118220
1117023
1116863
1116734
1116506
1116334
1115992
1115961
1115280
1114194
1113640
1112396
1112180
1111818
1111633
1111517
1111195
1110861
1110322
1110280
1110215
1109912
1109350
1108992
1108985
1108384
1108252
1108099
1107610
1106769
1106689
1106499
1106243
1106210
1106194
1106067
1105964
1105253
1104956
1104830
1104802
1104760
1104644
1104313
1104079
1104032
1103387
1103324
1103274
1102995
1102900
1102869
1102813
1102711
1102324
1102261
1101656
1101431
1101209
1101048
1100072
1099723
1099628
1099560
1098962
1098808
1097316
1097101
1097099
1097045
1097043
1097015
1096988
1096686
1096470
1095420
1094789
1094652
1094448
1094388
1094023
1093904
1093566
1093473
1093348
1093318
1092826
1092564
1092491
1092476
1092256
1091864
1091762
1091588
1091096
1091083
1090867
1090750
1090159
1089634
1088803
1088418
1088399
1088295
1087962
1087291
1087264
1087085
1086730
1086722
1086520
1086350
1086253
1086010
1085185
1084316
1084016
1083981
1083670
1083438
1082964
1082685
1082313
1081837
1081765
1081332
1080315
1080231
1079698
1079286
1078744
1078722
1077589
1077279
1077185
1076925
1076871
1076725
1076657
1076302
1076263
1076235
1075779
1075174
1075169
1075161
1075006
1074461
1073576
1073159
1073099
1071962
1071819
1070378
1070184
1069934
1069705
1069574
1069476
1069365
1069302
1068860
1068605
1068471
1068429
1068234
1067622
1067302
1067062
1066839
1065451
1065306
1064487
1063807
1063734
1063591
1063584
1063315
1063217
1062951
1062947
1062646
1061441
1060715
1060698
1060086
1059983
1059936
1059679
1059617
1059501
1059353
1059171
1058583
1058533
1058190
1058052
1057655
1057555
1057419
1057150
1057083
1056881
1056801
1056486
1056483
1056454
1056229
1056188
1055914
1055679
1055402
1054822
1054236
1053868
1053572
1053196
1053044
1052712
1052486
1052086
1052007
1051934
1051914
1051175
1049851
1049085
1048945
1048934
1048905
1048709
1048650
1048464
1048427
1048301
1048288
1048176
1048025
1048006
1047426
1047164
1046492
1046454
1046290
1045804
1045665
1045414
1045306
1044973
1044893
1044698
1044673
1044514
1044454
1044166
1043218
1043035
1042453
1041384
1040130
1040053
1039515
1038914
1038845
1038553
1038329
1037917
1037845
1037771
1037492
1037477
1037447
1037331
1037215
1037206
1036765
1036703
1036520
1035070
1035064
1034971
1034579
1034372
1034277
1034188
1034153
1033988
1033582
1033468
1032449
1032326
1032062
1029914
1029778
1029724
1029419
1028898
1028733
1028230
1027984
1027334
1027078
1026847
1025627
1024971
1023639
1023634
1023453
1023101
1022863
1022853
1022837
1022620
1022588
1022454
1022408
1022395
1022359
1021048
1021034
1020995
1020956
1020951
1020931
1020064
1019604
1019593
1018993
1018806
1018613
1018597
1018596
1017239
1017019
1016869
1015379
1014996
1014102
1014003
1013361
1012521
1012125
1012026
1011974
1011903
1011349
1011262
1010411
1010391
1008902
1007559
1007479
1007429
1007061
1006758
1006437
1004307
1004305
1004045
1002963
1002710
1002418
1001490
1001209
999140
999008
998924
996542
996295
994465
994030
993700
991478
990995
990916
990887
990658
990442
990267
990024
989155
989108
987794
987779
987729
987644
986759
986124
984974
984695
983758
983513
983268
982742
981271
979632
979438
979171
978523
977773
976999
976971
976753
976668
976449
976009
975602
975436
975101
974914
974827
974095
972876
972554
972337
971875
971567
971521
971137
970193
968745
968482
968363
968053
967589
967426
967305
967120
966638
966391
966362
964527
963627
963291
963110
962178
961787
961319
960747
960062
959098
958859
957130
956324
956066
955951
955726
955238
954492
952250
951440
950891
948950
948925
948172
946028
945606
945085
945067
944046
943706
942895
942108
941779
940966
940322
940233
940164
939522
938996
938747
938635
938271
938104
938099
937615
936930
936389
934732
934728
934037
931823
929909
928173
927447
926899
926399
925993
925892
925795
924578
924047
923796
923401
922319
921661
920646
919546
919214
919092
919080
918957
918904
918805
918760
918385
917618
917162
917057
916567
915386
915062
914895
913355
912548
912400
911411
910625
910043
909978
909464
908635
908521
907708
904973
904778
901822
901358
900707
900608
900546
899925
899831
898275
897954
897778
897479
897093
894558
893500
892233
891686
888723
887360
885731
885543
885523
885132
885019
884993
884960
884291
883984
883730
883203
882805
882347
881872
881674
880780
880714
879730
879671
879237
879061
877930
877744
877548
877250
877238
876532
875024
873773
873653
873331
872832
871902
871414
870905
870723
870580
870291
870066
869757
868045
868026
867616
866547
866419
866159
865424
864585
864450
863307
862764
862637
862403
860991
859715
859408
859241
859229
856319
856305
854491
854266
851752
851359
850983
850016
849092
848435
848246
847587
847537
846859
846493
846453
846248
845376
845313
844208
843822
843665
843292
843033
842926
842887
842654
842638
842621
842462
842354
841377
841079
840957
840756
840719
840070
839652
839351
839335
839321
838971
838696
838350
837573
837177
836550
835994
835744
835196
834780
834727
834427
834248
833734
833420
832230
832127
831691
831403
830914
830277
830058
829904
829057
829048
828942
828558
827953
827700
827409
826040
825418
824486
824483
823772
823181
823150
821731
821552
821238
820863
820335
819902
819675
819233
819135
818789
818644
818552
818295
817873
817276
817227
817185
817146
816892
816485
816308
816010
815793
815565
815561
815515
815267
814467
813366
812733
811958
811605
811067
810416
809849
809819
809620
809514
809008
808469
808445
808414
808394
808173
807432
806798
806718
806698
806588
805691
805616
805155
804806
804574
804019
803042
802827
802771
801488
800051
799885
799450
799046
799032
798854
798766
798512
798327
797741
797572
797558
797253
796913
796733
796715
796678
796630
796293
796044
795767
795718
795681
795664
795644
795552
795191
794969
794959
794931
794291
793254
793246
793103
792719
791948
791926
790953
790475
789982
789931
789644
787939
787867
787754
786418
786063
785913
785906
785586
785192
785020
784791
782128
777150
777121
777026
771413
770973
770764
770462
769138
768890
767853
767812
767650
766875
766757
766629
766041
765701
763961
763490
763184
762729
762234
761741
761714
761538
761281
760737
760461
760456
760340
760314
760288
760053
760039
760009
759742
758821
757987
757966
757601
757351
756655
756606
756587
756203
756148
755970
755623
755601
755043
754758
754232
753878
753622
753262
751802
751054
750612
750397
750264
750207
748879
748026
747746
747496
746661
745830
744922
744766
744761
743586
742975
740114
739006
738483
736247
735952
734871
734137
733900
733661
733199
732960
732738
732234
731618
731183
730380
730376
730001
729991
729851
729464
729228
728140
727978
727976
726215
725567
724001
722680
722646
722057
721499
720899
720056
718895
718140
717136
716265
715405
715014
714918
714547
713952
713815
713765
713396
712701
712216
711635
711491
711169
709638
709586
709195
708916
708585
707666
706808
706510
706376
705713
704053
703929
703814
703405
702198
702078
700784
699224
697756
697489
696865
696602
695716
695587
694718
693411
693147
692977
692837
692764
692376
691605
691531
691171
689647
689484
689141
688369
687821
687682
687564
687490
687480
687332
686586
686040
686016
685942
685449
685257
684809
684529
684310
682756
682344
681605
681250
680126
680079
679337
678378
678154
677641
677103
676557
676348
675631
675001
674556
674280
673868
673600
673584
673549
671416
671227
670584
670475
668567
663870
663828
663767
663673
663434
663071
661914
661539
661471
660956
660914
659613
658838
658690
655398
654443
654288
654035
653477
652371
652096
651933
651606
651479
651456
651407
651193
649748
648854
648633
648373
648123
648036
647321
644727
644482
644309
643926
643721
643357
643141
641717
641500
641492
641422
641421
639518
639397
639044
639043
638974
638956
638928
638811
638805
638718
637161
636777
635561
635181
635156
633709
632601
632152
631750
630207
629378
628799
628704
627907
627544
627510
627006
626803
624502
622576
621711
621704
621081
620201
618268
617544
617379
617348
617185
617153
616444
616290
616135
616098
615488
615167
614779
614623
614613
613715
611786
611257
611063
610735
610361
610189
610084
610043
609283
609032
607812
607717
606386
606305
604957
604798
604398
604157
602641
601205
601116
600736
599451
598531
598488
598163
596605
595361
595031
594814
594811
594207
594129
592832
592497
591773
591421
591345
589452
587476
586881
585487
584540
584016
582365
582140
581286
580516
578866
578411
577690
576911
576388
574442
573844
573405
573317
573147
571828
571636
571059
571001
570589
570397
570271
570045
569474
568074
567891
567304
566756
565942
565874
563418
563343
563194
562673
561630
560861
560399
559617
558366
558215
557902
556532
556489
556274
555815
555415
555288
554785
554675
554657
554587
554169
552278
552014
551988
551606
551233
550716
550691
549863
549514
549491
549076
548962
548960
548617
548539
548203
548170
547781
547346
546992
546669
546190
546075
545904
545882
545073
544909
544757
544744
544011
542751
542568
542297
541908
540923
539900
539496
539125
538936
538338
538180
537352
537266
537002
536835
535498
534218
534036
533641
533577
533277
532347
531778
530250
530242
529469
528027
527930
527400
527092
526691
526026
525667
523260
522001
521514
521439
520076
519154
518898
518280
516092
515657
515141
514881
513610
513225
511905
511506
511256
510724
509907
509861
509632
509589
508326
508120
508001
506905
505926
505769
505760
505549
505544
505438
505307
504178
504098
503923
503719
503399
503182
503172
502498
502189
502009
501691
500706
500540
500526
500307
499832
499126
498348
495754
495247
494825
494799
494778
492215
491650
491327
491047
490810
490518
489919
489472
489371
488444
488126
488040
487958
487634
487130
487032
486688
486130
485450
485392
484984
484794
484635
484430
484405
484338
484229
484193
483980
483854
483722
483476
483312
483020
482926
482793
482739
482418
482065
481863
481695
481558
481164
481133
480989
480975
480646
479738
479711
479170
479046
478776
478759
477445
477292
476857
476653
476622
475097
474700
474039
472458
472175
471611
471486
470939
470826
470543
470511
470409
469746
469573
469241
468582
468240
467646
467642
467582
467566
466821
466209
466157
466063
465898
465667
464952
464929
464074
462994
462987
462954
462821
462815
462454
462208
461743
461231
461166
461125
460906
460632
460160
459903
459892
459548
459347
458560
458278
457954
457931
457668
456946
456857
455818
455812
455687
455662
455317
455124
454941
453754
453180
453044
452272
450717
450690
450059
449636
449180
449076
449057
447714
447691
446952
446917
446792
446222
446221
446097
445562
445175
445034
444930
444883
444259
444204
444038
443547
443523
442113
442029
441724
441472
440861
440240
439579
439085
439028
438534
437586
437583
437524
436894
436501
436191
436162
435136
434870
434084
434027
433656
433535
433304
433242
432435
431214
431006
430973
430677
428960
428376
428240
427619
425974
425873
425478
425463
425389
424931
424575
423741
423614
423243
423181
422964
422893
422785
422740
421591
421549
420675
420539
420337
420110
418556
417581
417532
416935
416178
416114
416016
415984
415920
415403
415359
414722
414628
412787
412248
412107
411868
410518
410347
410333
410226
409782
409557
409254
408957
408616
407915
407698
407553
407162
406836
406515
406369
405990
405973
405546
405440
405210
405174
405157
404675
403799
402993
402988
402769
402320
402263
400958
400587
399357
398969
397961
397643
396999
396924
396863
396862
396424
395146
393693
392936
392700
392129
391433
391207
390676
390031
389470
389469
389154
388771
387601
387437
387232
386915
386801
385935
385638
385449
385319
385034
384962
384279
384205
383574
383372
383287
382924
382750
382048
381816
380989
380454
378674
378585
378387
377193
376820
376348
376257
376205
376102
376082
374546
374530
373862
373760
373758
372783
372230
372067
371713
371550
371427
370969
370942
370729
370664
370469
369744
369533
368035
367942
367626
367420
366960
366512
366088
365618
365556
364722
364627
364546
364523
364488
364248
364184
362976
362780
362629
362569
361495
360745
358901
357619
357249
357192
355225
354873
354253
354164
353844
353749
353697
353272
352150
351744
351052
350770
350420
350201
350043
349953
349397
349267
349123
349073
348531
348201
347818
347686
347442
347390
346919
346902
346290
346036
346010
342878
342753
341631
341129
340545
339248
336431
336091
334409
333277
332835
332448
331759
331753
330820
330655
330341
329788
329122
328910
328635
328193
327607
327210
326383
326053
325648
325148
324254
323475
323414
322782
322755
320965
320825
320814
320520
319857
319803
319420
319303
319193
317620
317153
317044
316735
315126
314037
314028
312466
310298
308463
307721
307304
307303
307146
307063
306653
305019
303996
303642
303172
302979
302766
300550
300029
300024
299497
299028
298329
296710
296575
296566
296172
296164
296148
295987
294767
293902
293685
293547
293153
292919
292885
292590
292368
291756
291415
290894
290238
289446
289079
288997
288930
287361
287210
286672
286520
286257
286044
285838
285806
285364
285293
285192
284603
284384
283242
283207
282209
282123
282119
281673
281551
281505
281484
281095
280989
280827
280439
280375
279891
279099
278312
278229
277889
277579
277510
277202
276682
275520
274989
274865
274429
274126
274063
273434
273200
272937
272775
271952
271584
271437
271302
269805
269337
268761
268041
267600
267568
267476
266802
266057
265880
265319
265247
265043
264546
264449
264075
263568
263422
263294
262652
262207
262206
262183
262172
262091
261961
261459
261380
261330
260797
260630
259732
259284
258838
258657
258520
258462
258437
258358
258326
258318
258181
258167
258154
257684
257660
257227
257034
256828
256677
256310
256093
255382
255028
255005
254634
254633
254338
253901
253770
253297
253193
253039
252939
252872
252497
250952
250168
249233
248982
248835
248240
247439
246997
246501
245673
245176
244949
244692
244027
243808
243211
243132
243011
242669
242215
242130
241682
241632
241391
241008
240466
240048
239760
239419
239058
238400
237636
237619
237568
237567
237096
237006
236789
236347
236266
235116
234166
233716
232740
231984
231193
231103
231037
230856
230329
229847
229488
229384
229108
229028
229027
228438
227084
226183
225513
225229
224167
222601
221924
221273
220229
219736
219637
219364
218927
218686
218252
217575
217497
217474
217149
217044
216956
215188
213791
213363
213007
212962
212356
211864
211629
211554
211296
210166
210163
210094
210041
209293
209115
208392
208230
208192
208053
207997
207542
207172
206393
206325
206222
205613
205570
205464
205134
204962
204191
203966
203796
203717
203611
203168
202680
202089
201782
201314
201289
201206
201070
200432
199677
199298
199244
198400
198150
197917
197354
197326
197158
196921
196573
196230
196202
196195
195998
195420
195360
195069
195037
194955
194866
194689
194654
194013
193779
193471
193281
193083
193042
192518
192175
192111
191908
191654
191574
191469
191337
191052
188906
188742
188732
187849
186963
186922
186862
186718
186591
186116
185928
185018
184996
184609
184485
184461
183863
183862
182443
182436
182051
181795
181516
181251
181084
181002
180532
180328
180192
179892
179603
178753
178738
178471
177864
176819
176465
176314
176131
176102
176068
175998
175832
175711
175579
175157
175122
174294
174155
174072
173750
173548
173467
173403
172562
172485
172230
172119
171802
171354
171217
170899
170874
170624
170557
170367
170189
170126
170088
169529
169407
169351
169221
169182
169039
168762
168582
167727
167607
167454
166578
166101
165893
165761
165708
165503
165118
164952
164868
164808
164786
164749
164002
163531
163412
163256
162967
162785
162701
162571
162285
162116
162097
161653
161624
161601
161560
160471
160285
160282
160153
159874
159654
159628
159566
159526
159404
159359
158954
158740
158713
158628
158570
158462
158351
158191
157871
157587
157397
157310
156843
156590
156278
156220
155714
154946
154576
154517
154291
154133
153657
153554
152709
152660
152386
152280
152141
151994
151294
150517
150425
149737
149639
149490
149349
149282
147843
147523
146843
146670
146528
146476
146441
146102
146034
146019
145679
145084
145080
144829
144750
144648
143841
143257
143219
143213
142950
142475
141772
141655
141458
141254
141064
139913
139838
139836
139798
139650
139106
138966
138009
137806
137688
137380
137360
137033
136527
136365
136046
135990
135978
135683
135534
135392
135277
135187
135121
135008
134908
134743
134475
134404
134315
133831
133807
133798
133576
132907
132759
132746
132615
132482
131976
131740
131507
130796
130755
130740
130349
130281
130091
129680
129233
129206
128904
128823
128777
128475
128467
128399
128351
128340
128328
128309
128284
128111
127753
127729
127337
126858
126459
126211
126129
126102
126038
125876
125529
125498
125459
125437
125301
124908
124866
124739
124542
124191
123748
123427
123215
122895
122891
122880
122831
122592
122519
122453
121867
121812
120693
119854
119761
119257
118924
118917
118236
117971
117773
117750
117580
117573
117546
117256
116981
116959
116765
116752
116082
115848
115678
115656
115566
115417
114296
114034
113972
113954
113949
113586
113070
112965
111955
111776
111513
111353
111220
111127
111074
110755
110658
110509
110453
110227
109819
109658
108922
108811
108608
108495
107735
107675
107674
107623
107603
107317
106762
106613
106611
106495
106348
106097
105651
105642
105132
105088
104927
104786
104774
104719
104425
104411
104363
104348
104338
104278
103808
103709
103706
103627
103524
103469
103379
103295
102925
102760
102753
102535
102356
102350
101958
101914
101874
101822
101758
101692
101542
101521
101400
101076
101056
100954
100924
100788
100548
100419
100212
100021
100004
99972
99854
99648
98880
98847
98734
98663
98585
98545
98540
98486
98370
98368
98356
98280
98264
98234
98098
97941
97912
97869
97782
97604
97598
97592
97368
97336
97302
97053
97028
96876
96749
96606
96097
96058
95954
95890
95876
95783
95756
95745
95614
95370
95326
94749
94504
94387
94046
94007
93914
93628
93572
93550
93103
92981
92956
92863
92796
92789
92681
92629
92613
92510
92437
92403
92078
92053
92008
91871
91307
91278
91178
91011
90759
90734
90579
90385
90200
90179
89982
89973
89925
89849
89600
89552
89249
89221
89080
89071
89005
88862
88837
88823
88660
88585
88554
88477
88202
88143
88118
88057
87878
87606
87468
87457
87394
87382
87283
87130
87123
87122
87002
86833
86729
86687
86587
86556
86547
86545
86356
86235
86196
86166
85543
85484
85383
85353
85130
84830
84231
84069
84024
83880
83583
83541
83522
83495
83451
83447
83315
83244
83242
83200
82969
82941
82937
82820
82610
82469
82445
82273
81867
81779
81514
81505
81472
81306
81125
81117
81078
80998
80920
80798
80786
80694
80660
80496
80168
80161
80007
79933
79858
79836
79776
79760
79754
79631
79318
79055
78859
78830
78672
78632
78565
78549
78223
78121
77986
77893
77812
77721
77583
77567
77550
77529
77447
77346
77337
77276
77239
77192
77091
77024
76956
76945
76917
76858
76773
76546
76491
76478
76452
76275
76222
76126
75711
75429
75225
75045
74908
74702
74587
74500
74256
74173
74166
74133
73822
73809
73783
73752
73510
73342
73151
72949
72786
72782
72636
72621
72501
72487
72423
72270
72267
71980
71801
71732
71711
71700
71616
71540
71514
71361
71231
70989
70983
70868
70861
70830
70616
70269
70213
70189
69995
69856
69731
69347
69136
69112
69106
69024
68821
68790
68693
68548
68514
68425
68279
68268
68203
68134
68049
67971
67858
67781
67559
67523
67372
67349
67285
67208
67186
67131
67093
66902
66834
66799
66770
66629
66567
66527
66517
66512
66203
66046
65933
65918
65871
65742
65692
65646
65371
65291
65218
65105
65062
64867
64866
64824
64814
64783
64713
64357
64162
63871
63857
63737
63727
63480
63450
63445
63441
63439
63275
63184
63161
63110
63080
63032
62939
62866
62779
62776
62769
62714
62711
60911
59706
57252
57250
56091
54669
53544
51508
49266
48485
48316
47813
47086
46869
44846
44731
44258
43245
41681
40806
40509
40300
39670
39616
39604
39264
38328
37926
37458
37268
36516
36316
36000
35648
35605
35085
34608
34286
33870
33866
33803
33426
32418
32412
32236
32190
32188
32187
31004
30887
30457
30330
29793
29617
29410
29270
29229
29228
29177
28979
28634
26910
26538
26330
26319
26276
25957
25459
25412
25178
25102
25080
24176
24164
23849
22628
21442
20375
20347
20059
17246
17142
17082
17076
17006
16548
16066
16037
15707
15648
15275
14972
14949
14943
14803
14643
14515
12463
12273
12255
11970
11965
11963
11951
11949
11819
11782
11718
11712
11711
11662
11610
11117
11026
