224356836
224356713
224356673
224356479
224356284
224356197
224356083
224356039
224355896
224355769
224355726
224355706
224355378
224355308
224355159
224355097
224354629
224354587
224354556
224354410
224354326
224354159
224354154
224354017
224353990
224353858
224353718
224353702
224353523
224353374
224353350
224353349
224353266
224352926
224352799
224352662
224352605
224352585
224352325
224352211
224352185
224352163
224352017
224351726
224351623
224351619
224351403
224351355
224351238
224350999
224350925
224350843
224350724
224350642
224350514
224350381
224350357
224350339
224350318
224350251
224350233
224349629
224349411
224349225
224349168
224349067
224348844
224348842
224348730
224348709
224348708
224348706
224348677
224348607
224348584
224348408
224348311
224348283
224348258
224348161
224348019
224347968
224347942
224347901
224347666
224347605
224347536
224347280
224346820
224346762
224346555
224346544
224346500
224346475
224346386
224346295
224346233
224346207
224346155
224346139
224345711
224345257
224345182
224345109
224345051
224344850
224344770
224344400
224344395
224344312
224344065
224343819
224343761
224343664
224343358
224343334
224343329
224343305
224343229
224343216
224343100
224342877
224342825
224342786
224342641
224342440
224342431
224342310
224342062
224342028
224342017
224341905
224341607
224341439
224341265
224341191
224340693
224340364
224340322
224339522
224339496
224339477
224339292
224339264
224339203
224339019
224338413
224338000
224337804
224337609
224337309
224337086
224336666
224336530
224336473
224336469
224336419
224335824
224335489
224335462
224335328
224335282
224335077
224335003
224334994
224334880
224334879
224334848
224334499
224334191
224334173
224334164
224334006
224333724
224333661
224333539
224333346
224333338
224333311
224333126
224333068
224333023
224332948
224332907
224332818
224332676
224332625
224332318
224332104
224332046
224332036
224331731
224331664
224331563
224331451
224331182
224330926
224330922
224330884
224330803
224330614
224330600
224330502
224330476
224330475
224330263
224330256
224330206
224330085
224329938
224329748
224329608
224329558
224329297
224329137
224329087
224329009
224328764
224328724
224328660
224328595
224328551
224328140
224328109
224328000
224327990
224327921
224327497
224326832
224326643
224326575
224326497
224326442
224326372
224326342
224326255
224326042
224325968
224325906
224325451
224325323
224325322
224325218
224325212
224325093
224325082
224324727
224324633
224324539
224324467
224324182
224324094
224324045
224323935
224323901
224318975
224318714
224316287
224316254
224316245
224316195
224316186
224316162
224316029
224316019
224315998
224315771
224315685
224315593
224315526
224315201
224315171
224315061
224314969
224314922
224314906
224314697
224314603
224314442
224314414
224314343
224314338
224314333
224314325
224313783
224313717
224313646
224313466
224313374
224313153
224313113
224312873
224312855
224312654
224312355
224312181
224312091
224312033
224311688
224311686
224311676
224311660
224311610
224311462
224311347
224311335
224311225
224311185
224311160
224311056
224310964
224310960
224310921
224310910
224310835
224310803
224310788
224310758
224310696
224310660
224310590
224310563
224310488
224310221
224310190
224310164
224310132
224310107
224310089
224310073
224309972
224309946
224309914
224309901
224309840
224309826
224309798
224309795
224309671
224309625
224309610
224309533
224309471
224309456
224309440
224309437
224309407
224309352
224309184
224309178
224309000
224308845
224308532
224308505
224308498
224308261
224308203
224308135
224308112
224308042
224307981
224307897
224307870
224307737
224307574
224307478
224307376
224307311
224307244
224307126
224307076
224307067
224306873
224306824
224306797
224306535
224306416
224306277
224306268
224306252
224306220
224306200
224306068
224306060
224305835
224305796
224305793
224305776
224305679
224305549
224305540
224305519
224305437
224305351
224305126
224305042
224305015
224304989
224304986
224304907
224304833
224304819
224304797
224304744
224304706
224304691
224304666
224304513
224304458
224304454
224304442
224304406
224304341
224304299
224304270
224304255
224304216
224304215
224304199
224304137
224304031
224303983
224303956
224303955
224303904
224303876
224303870
224303852
224303822
224303821
224303783
224303770
224303751
224303745
224303723
224303651
224303636
224303623
224303611
224303601
224303592
224303546
224303507
224303466
224303463
224303316
224303287
224303277
224303259
224303255
224303231
224303217
224303196
224303181
224303132
224303113
224303111
224303076
224303017
224303014
224302984
224302966
224302788
224302666
224302605
224302463
224302344
224302301
224302255
224302197
224302079
224302075
224302074
224302022
224302019
224301996
224301992
224301979
224301861
224301839
224301804
224301771
224301731
224301729
224301658
224301632
224301627
224301600
224301586
224301569
224301474
224301402
224301338
224301321
224301280
224301274
224301244
224301239
224301178
224301131
224301126
224301035
224301032
224300924
224300893
224300770
224300655
224300569
224300514
224300509
224300435
224300404
224299799
224299738
224299570
224299438
224299364
224299318
224299232
224298994
224298919
224298723
224298613
224298559
224298484
224298390
224298257
224298088
224297993
224297949
224297933
224297913
224297899
224297799
224297733
224297516
224297438
224297422
224297389
224297360
224297304
224297273
224297129
224297108
224297097
224297042
224297011
224296872
224296802
224296794
224296731
224296654
224296623
224296593
224296568
224296384
224296379
224296368
224296267
224296251
224296197
224296159
224296158
224296145
224296125
224296095
224296058
224296029
224296027
224295980
224295936
224295923
224295904
224295893
224295805
224295700
224295671
224295618
224295527
224295504
224295448
224295270
224295150
224295140
224295088
224294916
224294873
224294710
224294637
224294607
224294599
224294438
224294188
224294151
224293955
224293801
224293790
224293749
224293716
224293694
224293665
224293648
224293608
224293591
224293583
224293507
224293489
224293297
224293275
224293257
224293201
224293117
224293116
224293063
224292882
224292795
224292785
224292707
224292671
224292472
224292440
224292408
224292393
224292372
224292370
224292338
224292309
224292242
224292187
224292155
224292119
224292117
224292051
224292049
224291979
224291932
224291844
224291818
224291788
224291708
224291489
224291462
224291447
224291405
224290945
224290925
224290891
224290838
224290831
224290819
224290698
224290666
224290489
224290319
224290111
224290074
224289930
224289370
224289057
224289044
224289033
224288804
224288705
224288608
224288526
224288312
224288290
224288229
224288209
224288010
224287668
224287642
224287586
224287481
224287118
224287000
224286935
224286799
224286713
224286587
224286320
224286197
224286105
224285860
224285678
224285533
224285336
224285190
224285141
224285117
224284994
224284951
224284902
224284844
224284676
224284549
224284541
224284425
224284334
224284026
224283812
224283739
224283516
224283471
224283344
224283316
224283310
224283138
224282996
224282955
224282952
224282935
224282473
224282407
224282349
224282269
224282210
224281880
224281831
224281791
224281762
224281618
224281599
224281463
224281217
224281067
224280901
224280668
224280654
224280565
224280419
224280336
224280237
224279855
224279804
224279772
224279768
224279767
224279629
224279584
224279468
224278839
224278723
224278660
224278539
224278481
224278476
224278410
224278121
224278064
224277639
224277492
224277410
224277402
224277356
224277304
224277273
224277234
224277193
224277170
224277033
224277022
224276883
224276784
224276535
224276306
224276199
224276134
224276084
224276058
224275639
224275622
224275560
224275530
224275502
224275449
224275434
224275408
224275393
224275320
224275129
224275048
224274811
224274781
224274723
224274696
224274690
224274664
224274635
224274628
224274605
224274570
224274399
224274363
224274312
224274287
224274201
224274173
224274079
224273901
224273859
224273767
224273757
224273705
224273648
224273584
224273561
224273546
224273451
224273292
224273265
224273249
224273189
224273148
224273127
224273115
224273047
224273036
224272970
224272954
224272809
224272769
224272759
224272733
224272730
224272724
224272571
224272561
224272552
224272546
224272434
224272430
224272298
224272286
224272268
224272261
224272094
224272052
224272037
224272021
224271919
224271693
224271667
224271660
224271609
224271566
224271472
224271410
224271288
224271280
224271228
224271204
224271140
224271116
224271098
224271071
224270987
224270940
224270931
224270928
224270918
224270867
224270742
224270691
224270665
224270456
224270426
224270384
224270258
224270234
224270205
224270022
224269948
224269946
224269910
224269888
224269769
224269542
224269496
224269495
224269480
224269402
224269345
224269272
224269236
224269163
224269099
224268897
224268896
224268886
224268845
224268843
224268712
224268566
224268088
224267824
224267746
224267631
224267516
224267394
224267343
224267336
224267282
224267108
224267087
224266905
224266891
224266715
224266672
224266560
224266539
224266509
224266345
224266341
224266235
224266042
224265913
224265878
224265774
224265741
224265688
224265664
224265635
224265545
224265388
224265371
224265262
224265256
224265216
224265173
224265096
224265060
224265042
224264967
224264817
224264713
224264572
224264450
224264318
224264289
224264149
224264145
224263964
224263709
224263543
224263532
224263520
224263374
224263292
224263221
224263159
224263108
224263045
224262984
224262959
224262798
224262773
224262663
224262403
224262332
224262237
224262153
224261633
224261616
224261082
224260882
224260532
224260471
224260322
224260296
224260037
224260005
224259846
224259702
224259599
224259591
224259443
224259311
224259277
224259158
224259064
224258887
224258860
224258815
224258736
224258584
224258331
224258298
224257995
224257987
224257943
224257747
224257628
224257521
224257396
224257308
224257241
224257090
224257036
224256981
224256887
224256843
224256800
224256628
224256324
224256129
224256078
224256008
224255956
224255892
224255833
224255732
224255690
224255612
224255595
224255584
224255553
224255142
224255088
224254971
224254804
224254554
224254550
224254532
224254428
224254386
224254122
224254050
224253944
224253718
224253615
224253433
224253190
224253171
224252995
224252950
224252911
224252871
224252865
224252863
224252681
224252581
224252449
224252436
224251973
224251870
224251594
224251334
224251208
224251201
224251067
224251058
224250992
224250963
224250947
224250946
224250940
224250803
224250766
224250709
224250677
224250556
224250385
224250171
224250004
224249956
224249939
224249915
224249906
224249865
224249364
224249318
224249246
224249074
224248921
224248829
224248776
224248731
224248679
224248280
224248255
224248155
224248138
224248072
224248040
224247999
224247955
224247812
224247746
224247700
224246992
224246905
224246869
224246783
224246708
224246571
224246423
224246369
224246334
224246070
224245867
224245706
224245455
224245439
224245430
224245396
224245273
224244927
224244914
224244486
224244310
224244279
224244132
224244126
224243907
224243870
224243838
224243726
224243696
224243692
224243556
224243482
224243445
224243344
224243265
224243259
224242769
224242553
224242323
224241381
224241360
224240876
224240617
224240560
224240343
224240253
224240200
224240151
224240119
224240080
224240059
224240017
224239860
224239714
224239713
224239697
224239572
224239338
224239290
224239283
224239261
224238975
224238819
224238661
224238626
224238553
224238544
224238261
224238091
224238056
224238031
224237880
224237789
224237781
224237722
224237450
224237434
224237425
224237416
224237371
224237332
224237292
224237276
224237248
224237244
224237186
224236766
224236669
224236579
224236225
224236092
224235984
224235802
224235558
224235279
224235236
224234784
224234653
224234605
224234568
224234565
224234515
224233577
224233430
224233364
224233281
224233232
224233035
224232972
224232583
224232414
224232218
224232165
224232090
224232063
224231915
224231844
224231516
224231310
224231138
224231126
224230763
224230696
224230542
224230212
224229691
224229601
224229461
224229393
224229253
224229136
224228960
224228742
224228646
224228466
224228400
224228180
224227722
224227715
224227704
224227618
224227517
224227506
224227400
224227352
224227327
224227078
224227042
224226890
224226792
224226748
224226692
224226675
224226582
224226439
224226407
224226401
224226375
224226313
224226308
224226258
224226244
224225683
224225645
224225641
224225534
224225272
224225218
224225178
224225136
224225130
224224600
224224562
224224263
224224214
224224188
224223967
224223858
224223569
224223426
224223420
224223331
224223321
224223040
224222978
224222925
224222861
224222805
224222752
224222317
224222301
224221822
224221812
224221785
224221400
224221305
224221222
224221111
224220884
224220844
224220697
224220435
224220286
224220084
224220077
224219662
224219659
224219620
224219557
224219499
224219439
224219432
224218790
224218757
224218420
224218138
224218091
224217942
224217833
224217672
224217651
224217616
224217355
224217297
224217178
224217011
224216821
224216214
224216003
224215874
224215287
224215260
224215090
224214428
224214349
224214223
224214180
224214153
224213931
224213923
224213550
224213321
224212249
224211771
224211750
224211676
224211655
224211568
224211135
224210914
224210606
224210554
224210431
224210254
224210155
224210116
224209905
224209553
224209314
224209205
224209004
224208909
224208741
224208009
224207982
224207920
224207681
224207662
224207438
224206751
224206654
224206637
224206498
224206213
224205815
224205769
224205457
224205441
224205407
224205316
224204591
224204439
224204428
224204239
224204200
224204184
224204175
224204063
224203590
224203540
224203538
224203534
224203381
224203172
224203128
224202976
224202908
224202745
224202703
224202623
224202325
224202227
224202174
224201579
224201038
224200206
224200086
224199924
224199890
224199250
224199168
224199160
224199143
224199065
224198847
224198418
224198166
224197948
224197935
224197396
224197395
224197283
224197178
224196998
224196786
224196720
224196366
224196341
224196210
224195923
224195819
224195728
224195718
224195632
224195505
224195362
224194867
224194831
224194727
224194533
224194190
224194148
224193704
224193681
224193578
224193330
224192973
224192814
224192707
224192553
224192404
224192231
224192140
224192094
224191831
224191259
224191039
224190561
224190475
224190177
224190038
224189916
224189567
224189552
224189496
224189033
224188942
224188916
224188915
224188311
224188290
224188205
224188088
224187598
224187419
224187013
224186987
224186847
224186652
224186609
224186525
224186239
224185970
224185886
224185867
224185693
224185606
224185583
224185379
224185268
224185227
224185221
224185176
224185104
224185101
224184991
224184748
224184719
224184491
224184199
224184072
224183674
224183639
224183569
224183540
224183340
224183151
224183135
224182836
224182604
224182545
224182509
224182413
224182314
224182203
224182084
224181966
224181511
224181429
224181399
224181388
224181267
224180778
224180687
224180555
224180298
224180285
224180169
224179967
224179865
224179686
224179674
224179592
224179590
224179588
224179520
224179450
224179426
224179399
224179365
224179357
224179120
224179102
224179097
224178919
224178822
224178713
224178624
224178517
224178507
224178433
224178418
224178299
224178241
224177917
224177915
224177901
224177899
224177833
224177760
224177276
224177260
224176999
224176930
224176786
224176769
224176710
224176635
224176515
224176355
224176085
224175656
224175559
224175364
224175209
224174960
224174827
224174618
224174541
224174492
224174410
224174090
224174019
224173852
224173769
224173686
224173416
224173383
224173303
224173229
224173196
224173142
224173116
224173074
224172937
224172916
224172844
224172784
224172739
224172719
224172667
224172662
224172618
224172511
224172474
224172428
224172354
224172047
224171933
224171907
224171463
224171446
224171440
224170374
224170369
224170131
224170100
224169961
224169665
224169298
224169258
224169253
224169235
224168908
224168852
224168739
224168575
224168399
224168357
224168178
224168152
224168049
224167840
224167641
224167149
224167118
224166711
224166662
224166576
224166559
224166245
224166094
224165740
224165736
224165588
224165576
224165487
224165407
224165119
224165116
224165087
224164899
224164677
224164544
224164524
224164497
224164117
224164032
224163996
224163913
224163798
224163777
224163485
224163379
224163200
224163105
224163081
224162973
224162920
224162811
224162669
224162601
224162571
224162543
224162540
224162536
224162518
224162222
224162074
224162055
224161967
224161957
224161931
224161733
224161611
224161518
224161441
224161327
224161318
224161247
224160679
224160522
224160309
224160301
224160263
224160078
224159747
224159308
224159168
224159081
224159047
224158973
224158821
224158712
224158647
224158568
224158496
224158303
224158282
224158239
224158218
224158183
224158147
224158137
224158129
224158080
224158033
224157873
224157491
224157381
224157307
224157114
224157058
224156979
224156864
224156681
224156397
224156201
224156152
224156133
224156033
224155996
224155979
224155897
224155867
224155662
224155537
224155504
224155449
224155261
224155231
224155191
224154883
224154857
224154657
224154650
224154622
224154497
224154452
224154397
224154256
224154173
224154084
224154082
224153860
224153803
224153494
224153290
224153123
224152627
224152259
224152231
224152192
224152156
224152155
224152058
224151949
224151797
224151736
224151411
224151393
224151367
224151181
224151087
224150870
224150857
224150607
224150493
224150465
224150444
224150132
224149771
224149428
224148971
224148776
224148768
224148763
224148750
224148725
224148533
224148521
224148155
224148068
224148021
224147902
224147688
224147635
224147561
224147552
224147494
224147255
224147149
224147029
224147013
224146790
224146707
224146636
224146559
224146453
224146371
224146355
224146351
224146260
224146237
224146152
224146142
224146014
224145996
224145935
224145812
224145777
224145747
224145625
224145429
224145380
224145309
224145066
224144817
224144799
224144667
224144626
224144609
224144601
224144594
224144543
224144473
224144469
224144344
224144311
224144085
224143999
224143796
224143606
224143441
224143338
224143221
224143175
224142845
224142836
224142594
224142530
224142008
224141729
224141490
224141412
224141371
224141337
224141229
224141132
224141099
224140914
224140892
224140631
224140527
224140508
224140206
224140202
224140177
224140094
224139719
224139479
224139336
224139330
224139245
224139073
224139034
224138149
224137900
224137776
224137682
224137495
224137212
224136815
224136681
224136340
224136297
224135680
224135628
224135525
224135483
224135395
224135388
224135246
224135162
224134891
224134687
224134502
224134344
224134197
224134159
224134080
224133980
224133675
224133619
224133299
224133069
224132896
224132869
224132720
224132701
224132700
224132603
224132598
224132366
224132000
224131265
224131025
224131007
224130844
224130802
224130448
224130444
224130311
224129912
224129716
224129344
224129342
224129157
224129142
224129110
224129074
224128759
224128627
224128626
224128590
224128334
224128194
224127944
224127839
224127797
224127725
224127700
224127684
224127602
224127354
224127284
224127159
224127154
224127023
224126931
224126822
224126710
224126645
224126602
224126562
224126510
224126204
224126147
224126044
224126020
224125915
224125847
224125831
224125652
224125589
224125419
224125246
224125100
224125091
224124904
224124820
224124704
224124647
224124542
224124441
224124398
224124389
224124330
224124262
224124041
224123839
224123752
224123660
224123644
224123517
224123481
224123253
224123030
224122913
224122876
224122851
224122714
224122597
224122449
224122362
224122192
224122163
224121967
224121840
224121832
224121827
224121744
224121743
224121651
224121613
224121561
224121461
224121387
224121342
224121042
224120807
224120692
224120671
224120487
224120411
224120372
224120347
224120221
224120168
224120150
224120083
224119767
224119617
224119605
224119521
224119477
224119469
224119406
224119358
224119351
224119345
224119262
224119094
224119090
224118808
224118672
224118643
224118604
224118462
224118325
224118308
224118289
224118247
224118198
224117970
224117879
224117873
224117660
224117516
224117408
224117132
224117120
224117071
224116801
224116673
224116350
224116302
224116246
224116232
224116164
224116046
224116023
224115925
224115549
224115516
224115449
224115421
224115323
224115181
224115107
224114842
224114724
224114676
224114645
224114501
224114265
224114212
224114193
224114179
224114020
224113511
224113459
224113104
224113063
224112861
224112755
224112714
224112699
224112147
224112044
224111835
224111791
224111583
224111523
224111352
224111293
224111211
224111136
224111087
224111051
224110915
224110843
224110691
224110591
224110406
224110304
224110271
224110239
224110218
224110071
224109830
224109807
224109777
224109687
224109315
224108981
224108932
224108410
224108325
224108102
224108056
224108051
224108050
224107998
224107972
224107908
224107889
224107877
224107860
224107857
224107852
224107772
224107739
224107644
224107479
224107471
224107412
224107243
224107160
224107131
224107119
224107020
224107002
224106991
224106951
224106829
224106764
224106761
224106642
224106602
224106493
224106444
224106438
224106434
224106426
224106180
224106050
224105797
224105729
224105653
224105167
224105127
224104973
224104673
224104657
224104531
224104527
224104437
224104385
224104334
224104310
224104301
224104287
224104106
224104029
224103982
224103972
224103864
224103787
224103561
224103549
224103327
224103289
224103259
224103179
224102960
224102615
224102594
224102517
224102488
224102424
224102411
224102300
224102293
224102218
224102215
224102140
224102070
224102069
224101991
224101962
224101922
224101670
224101520
224101497
224101492
224101371
224101360
224101344
224101281
224101266
224101212
224101111
224101046
224101040
224100988
224100773
224100710
224100541
224100502
224100464
224100365
224100324
224100290
224100286
224100215
224100205
224100066
224100044
224099921
224099816
224099742
224099644
224099633
224099489
224099427
224099406
224099390
224099373
224099347
224099257
224099244
224099211
224099140
224098911
224098877
224098845
224098780
224098763
224098726
224098720
224098435
224098399
224098361
224098313
224098275
224097935
224097718
224097705
224097675
224097659
224097591
224097388
224097346
224097206
224097075
224097057
224096988
224096927
224096911
224096640
224096618
224096453
224096360
224096304
224096281
224096152
224096101
224096061
224096047
224096042
224096012
224095953
224095864
224095667
224095651
224095589
224095577
224095557
224095545
224095500
224095492
224095425
224095398
224095249
224095155
224094967
224094917
224094809
224094706
224094551
224094509
224094471
224094414
224094220
224094064
224093863
224093807
224093738
224093525
224093480
224093465
224093420
224093335
224093130
224093099
224093041
224092932
224092786
224092737
224092707
224092595
224092412
224092216
224092171
224092095
224092068
224091983
224091896
224091774
224091662
224091561
224091215
224091184
224091173
224090968
224090743
224090374
224090314
224090245
224090148
224090134
224090116
224089918
224089786
224089735
224089687
224089562
224089375
224089205
224089182
224089155
224089008
224088834
224088796
224088495
224088135
224088054
224087920
224087778
224087742
224087636
224087373
224087272
224087128
224086833
224086794
224086695
224086656
224086586
224086564
224086306
224086208
224086149
224085957
224085941
224085760
224085333
224085127
224085087
224085040
224085021
224084536
224084442
224084331
224084132
224084069
224083349
224083264
224083172
224083142
224082990
224082928
224082684
224082438
224082175
224081283
224081274
224080899
224080770
224080674
224080446
224080356
224080109
224079760
224079741
224079457
224079150
224079012
224078716
224078670
224078447
224078431
224078366
224078241
224078163
224077858
224077702
224077441
224077427
224077282
224077223
224077165
224077088
224076867
224076793
224076692
224076312
224076113
224076111
224076020
224076015
224075827
224075775
224075714
224075161
224074947
224074693
224074326
224074195
224074107
224073912
224073793
224073789
224073151
224073021
224072876
224072596
224072571
224072232
224072077
224071617
224071141
224071140
224071026
224071005
224070970
224070848
224070739
224070189
224070155
224070020
224069858
224069642
224069603
224069369
224069316
224069313
224069309
224069304
224068968
224068893
224068813
224068686
224068331
224068124
224067586
224067490
224067456
224067419
224067316
224067260
224067189
224067167
224067146
224067081
224066932
224066930
224066851
224066692
224066601
224066494
224066478
224066414
224066173
224066172
224065988
224065985
224065795
224065779
224065774
224065711
224065706
224065669
224065643
224065528
224065465
224065432
224065000
224064805
224064671
224064350
224064178
224063880
224063876
224063750
224063714
224063272
224063065
224062869
224062801
224062782
224062512
224062444
224061985
224061795
224061720
224061619
224061618
224061616
224061463
224061075
224060997
224060967
224060404
224060331
224060270
224060244
224060158
224060007
224059868
224059589
224059436
224059415
224059125
224059076
224058868
224058815
224058388
224058277
224057997
224057996
224057433
224057269
224056765
224055987
224055708
224055448
224055438
224055403
224055281
224054854
224054818
224054759
224054658
224054505
224054473
224054385
224054022
224053562
224053515
224053349
224053086
224053007
224052868
224052630
224052560
224052358
224051907
224051603
224051304
224051199
224051197
224050774
224050685
224050379
224050351
224050195
224050173
224050076
224049966
224049946
224049675
224049230
224049104
224049031
224049015
224048686
224048596
224048501
224048174
224048000
224047588
224047571
224047529
224047466
224047454
224047279
224047180
224047049
224047020
224047008
224046967
224046609
224046436
224046413
224046184
224045784
224045768
224045202
224045184
224045104
224045009
224044414
224044371
224044099
224043997
224043924
224043877
224043822
224043569
224043501
224043485
224043429
224043168
224042976
224042830
224042538
224041462
224041264
224041244
224040875
224040797
224040755
224040517
224040404
223990511
223910885
223897396
223888699
223810127
223545561
223446745
223412874
223308186
223132459
223050232
223033022
223015267
222979309
222966894
222890396
222888502
222861333
222802149
222785031
222686415
222673549
222448752
222356966
222329451
222308206
222229549
222229046
222207475
222169284
222112499
222016395
221954435
221944353
221903183
221790224
221773877
221739283
221702920
221615937
221548201
221446606
221364109
221329144
221239400
220932865
220729388
220606856
220557254
220556267
220453841
220414244
220388503
220360253
220285446
220279471
220257225
220213024
220204672
220184571
220171615
220155681
220066633
220027579
220025635
220020695
219960189
219889889
219847638
219839233
219798179
219770168
219736179
219716377
219537241
219438957
219358884
219226120
219045557
219033060
219010699
218914428
218858186
218852244
218821846
218690145
218689204
218601414
218553918
218441622
218259811
218230423
218211657
218161313
218114432
218025026
217963452
217958409
217951364
217929790
217878393
217870357
217853759
217791239
217757180
217740838
217688209
217572721
217541776
217534692
217530166
217523757
217350512
217290529
217288555
217283294
217257137
217245415
217164188
217161875
217095001
217070131
217069510
217049299
216989509
216783644
216729529
216707569
216667383
216650692
216511135
216506411
216471009
216388733
216249921
216243061
216185016
216046137
216030760
215995748
215987433
215967355
215838367
215798287
215735717
215735578
215701057
215695981
215691007
215460039
215451035
215393379
215247855
215147069
215146304
215048884
215005062
214987656
214951304
214764107
214629462
214502207
214477560
214421531
214383636
214363557
214257086
214060125
214034113
214003914
213970524
213917599
213901237
213825283
213822345
213723261
213688766
213593603
213577301
213525676
213504961
213503047
213423509
213247001
213071090
212994257
212991051
212812650
212812245
212745795
212724368
212653237
212573739
212489155
212457807
212421082
212369392
212274525
212206771
212155596
212144218
212078725
212047069
212024387
211955723
211893850
211771452
211765233
211747734
211629695
211559410
211528821
211525206
211109442
211067648
210975987
210964945
210779157
210751055
210621307
210512857
210419345
210391765
210380565
210358305
210316474
210254778
210239770
210142923
209998770
209893646
209754359
209677531
209665544
209565269
209521142
209206145
209195222
209165983
209080748
208983243
208959630
208879239
208795142
208704307
208588980
208449395
208355382
208350097
208298524
208224485
208141828
208080294
208077574
208015729
207957546
207895062
207806792
207690850
207667110
207469217
207354862
207258312
207181638
207158021
207100592
207083512
207008091
206972905
206941376
206572862
206447695
206400210
206373204
206318182
206204603
205951469
205911051
205879436
205805417
205760613
205736666
205652369
205605182
205496854
205459489
205376574
205348635
205316298
205256567
205231101
205156770
205130385
204911704
204888189
204877457
204869144
204845888
204758403
204577728
204520984
204362668
204303083
204302096
204260030
204241366
204201876
204112018
204045521
203985416
203955294
203832613
203726977
203714910
202807620
202790524
202779432
202730768
202511038
202382414
202320136
202214531
202210703
202163838
202112232
201999526
201983506
201916722
201892049
201824573
201698767
201665511
201605960
201509025
201413758
201346989
201323528
201203541
201180434
201145279
201105001
201074261
200855404
200850894
200795950
200720206
200686773
200588696
200571593
200534205
200264425
200173648
200047018
199962135
199958383
199957766
199812771
199756557
199685375
199653466
199644693
199593796
199568381
199532882
199456163
199452740
199449835
199398120
199264029
199205758
199184234
199051036
199041248
198972484
198954245
198919605
198901023
198876653
198853169
198842278
198586408
198556153
198503955
198483360
198373015
198309492
198065050
197943340
197868419
197724960
197717103
197688691
197677147
197645386
197622725
197566387
197564216
197555248
197534879
197502723
197491196
197346903
197270977
197053913
197015579
197006457
196886031
196765046
196733070
196700812
196679120
196674972
196673511
196673031
196671905
196666315
196585388
196461248
196451125
196372072
196337793
196265731
196259139
196254964
196249166
196237242
196205757
196184696
196079350
196049861
196047856
195947965
195934903
195927725
195922899
195856095
195811664
195691845
195685189
195660140
195583738
195466449
195397125
195374710
195358408
195355189
195350785
195266684
195164707
194793327
194779887
194717104
194643961
194643785
194514334
194417399
194395546
194394265
194356106
194295478
194251637
194169788
194159935
193949149
193934638
193659774
193547581
193543553
193358705
193270491
193104024
193090939
193060993
192897725
192880091
192795886
192751546
192729174
192647827
192640371
192597523
192597208
192442640
192423011
192409851
192371815
192369376
192311426
192275873
192264363
192238856
192117185
192090221
192021830
191974503
191911083
191752849
191708398
191667883
191642039
191555273
191454425
191449538
191380393
191356636
191354144
191295163
191275385
191236482
190859012
190764508
190697197
190682031
190582799
190543912
190539701
190534725
190464803
190348875
190314751
190271630
190236006
190231296
190220182
189950557
189931578
189833674
189821373
189812926
189797577
189793901
189774652
189651382
189622417
189605925
189512978
189427930
189374446
189364202
189361180
189356315
189339437
189322501
189319569
189315221
189312861
189301240
189291921
189276310
189167746
188989550
188943899
188939327
188933300
188892411
188841730
188801948
188660875
188636890
188634583
188630315
188625114
188624756
188613726
188497784
188496297
188468196
188436333
188353834
188230373
188164302
188023273
187926050
187854818
187783383
187770568
187228448
187190280
187003940
186932297
186921965
186911485
186821600
186656099
186563880
186515243
186513120
186465213
186440591
186396485
186371771
186250948
186158653
186091426
186071401
185988390
185827845
185780067
185773322
185753123
185698315
185678375
185669130
185633415
185582357
185577805
185575690
185444840
185088490
185054629
184863959
184647991
184634301
184596672
184549496
184493004
184378827
184313313
184126001
184087406
184036489
183943101
183938746
183885604
183882815
183813209
183751722
183725960
183706310
183693530
183689412
183664689
183369236
183324860
183248657
183209014
183159418
183155262
183145813
183022441
182905717
182783950
182637173
182633109
182607991
182564764
182461689
182395490
182352118
182308088
182293710
182281542
182215907
182110598
182105934
182045632
182040665
182010107
181942039
181837755
181753802
181699821
181630518
181611005
181593853
181589455
181563381
181492918
181450853
181427567
181364719
181354811
181336481
181281856
181254208
181060349
181002782
180958301
180942394
180922850
180861219
180834570
180709295
180684763
180592559
180538819
180456376
180344066
180251424
180207748
180191165
180150805
180054115
179984191
179967317
179880783
179763385
179744534
179719389
179575839
179557793
179440613
179423775
179396461
179319156
179299747
179202881
179190496
179169933
179134525
179069748
179058054
178979350
178957527
178935320
178930210
178923631
178917743
178824085
178741221
178640597
178520683
178474435
178365336
178246063
178145767
178032609
177977762
177883868
177630198
177620746
177572393
177538826
177488575
177444004
177432801
177342941
177303699
177281372
177270286
177239270
177224405
177223040
177196821
177056274
177052089
177044968
177038788
177017925
176953106
176908029
176898901
176836719
176824336
176804382
176789525
176787482
176700517
176594290
176560947
176540233
176520118
176469889
176456031
176427568
176359749
176351369
176348884
176341606
176306202
176256220
176255067
176236137
176232050
176226848
176166238
176153103
176137351
176115927
176111252
176031959
175990069
175981391
175974679
175942656
175879169
175838710
175818961
175728184
175590089
175582161
175581057
175469140
175431359
175382244
175239021
175233776
175184146
175172764
175154225
175029076
174981639
174965752
174842611
174810989
174718216
174588714
174465275
174349792
174318130
174231552
174213624
174170714
173994026
173973029
173827114
173794287
173583886
173519445
173517773
173421323
173365577
173121282
173013013
172988831
172974368
172960050
172936310
172844587
172758684
172756880
172750610
172708809
172687372
172684215
172676239
172576970
172489525
172450650
172310215
172211048
172204095
172174233
171928484
171880996
171872057
171797889
171681014
171586792
171581013
171442688
171362519
171144472
171144364
171092888
171079502
171017609
170846140
170766726
170758689
170290314
170135790
169985446
169971764
169947041
169937087
169833764
169801469
169692775
169498044
169380715
169259863
169198506
168965796
168939205
168824054
168733140
168605188
168536433
168532022
168493154
168440791
168277555
168241535
168168440
168073277
168055300
167995215
167973261
167911228
167865860
167647590
167509466
167463016
167452143
167439690
167432615
167407603
167355632
167226184
167109186
167048676
166972131
166874616
166696090
166693895
166639405
166490486
166404592
166395742
166389848
165867706
165736025
165582186
165500944
165434386
165374838
165247159
165165791
165128645
165081539
165066101
165015032
164869314
164591401
164441012
164360996
163969940
163905748
163595475
163551231
163466658
163460266
163320459
163231254
163088269
163079267
163075881
163012628
162923923
162817874
162751293
162146367
162104836
161992190
161923365
161918461
161846669
161244877
161206104
161170128
161117038
160990842
160984820
160746883
160659985
160560736
160465145
160377890
160341860
160174526
160042464
160009953
159862346
159635477
159580731
159508823
159476823
159422872
159326570
159246972
159013240
158952076
158767573
158761121
158631717
158560972
158363400
158278837
158080874
158079964
157996548
157976283
157874450
157658410
157649093
157525196
157266967
157218828
157190909
157181226
157139025
157016232
156961699
156948415
156918656
156774832
156614172
156550164
156479498
156468110
156385273
156356908
156282936
156183159
156136149
156034988
155923610
155828992
155825598
155820001
155705084
155637121
155470064
155332903
155124636
155103247
155059702
155008244
154970340
154938787
154527695
154315754
154028607
153996757
153616877
153552936
153359939
153123431
152927836
152901653
152794214
152725622
152695800
152618453
152490026
152178428
152169245
152165029
152126224
152064207
152023405
152019688
151686902
151619882
151548424
151499064
151391172
151116585
150778241
150593768
150531363
150517775
150354228
150350283
150281584
150170214
150111458
150071258
150009736
149973727
149914976
149822827
149799179
149785578
149668386
149614409
149468212
149345161
149329598
149328341
149320552
149188700
149180460
149072428
148991382
148967408
148961303
148941102
148912909
148892367
148890491
148761583
148679630
148521142
148416459
148391674
148333449
148295158
148284132
148246518
147995266
147913921
147847657
147724306
147702719
147685192
147619151
147585226
147551618
147355726
147325873
147167969
146912425
146781890
146700471
146684688
146641255
146604249
146576811
146436101
146408843
146393236
146278285
146248372
146161177
146104570
146003795
145774357
145751958
145731434
145662750
145615053
145534654
145472499
145462101
145347383
145344116
145311709
145096407
145073639
145048511
144994356
144900199
144762945
144679602
144561937
144551865
144514759
144498621
144335295
144222753
144195346
144040935
143994931
143937364
143933426
143899521
143642253
143467538
143396322
143336501
143330252
143129183
142740183
142722911
142630272
142488358
142450608
142370250
142249521
142066158
141950623
141878467
141603120
141478506
141425260
141367672
141258305
141189693
140988165
140942747
140804914
140754683
140447684
140445771
140332479
140311568
140221786
140220229
140122662
140083088
140063960
139880177
139778711
139724790
139592962
139589340
139480860
139410664
139388185
139375612
139288452
138953061
138934642
138800149
138744759
138587122
138366904
138234292
138172329
138102715
137989122
137828020
137741411
137702294
137636266
137622687
137043172
137035647
137030544
137021942
136852438
136814615
136720860
136675695
136610698
136516922
136492330
136461029
136440167
136225789
136117204
135927099
135907757
135886648
135781924
135773359
135628516
135564062
135547572
135450445
135425140
135409829
135167548
135097066
135089535
134976425
134900752
134856242
134746208
134517578
134415905
134108729
134076435
133923540
133830225
133589991
133477454
133467500
133384678
133353476
133222691
133213698
133157357
132943029
132926243
132853250
132782594
132777560
132758053
132734756
132616396
132613174
132394352
132383449
132361224
132353823
132241761
132190960
132172318
131908829
131751281
131742974
131649793
131496477
131487781
131334397
131173823
131080004
131075408
130807498
130799038
130653949
130291279
130227265
130209381
129997929
129951769
129875624
129868087
129848104
129771230
129760389
129697890
129633834
129597585
129489202
129389106
129285808
129273212
129140726
129071091
129045084
129015814
129004410
128939152
128821331
128797970
128734828
128717474
128700433
128670866
128628960
128603131
128576161
128566825
128563543
128486429
128446318
128399955
128393556
128355545
127986769
127955613
127911231
127668386
127611948
127572231
127488425
127473200
127459039
127380726
127307525
127238402
127126615
127038421
126961635
126884261
126870865
126869542
126840423
126750452
126739123
126723253
126634141
126596778
126585947
126531997
126530149
126450673
126424570
126407825
126221418
126216079
125978753
125955153
125908543
125806689
125551114
125510718
125448026
125425000
125423824
125335007
125332866
125274726
125249250
125245871
125214214
125195627
125193858
125054534
124965932
124951753
124929163
124869742
124812002
124729081
124691448
124629365
124577354
124569494
124561659
124516462
124509057
124461822
124246543
124170247
124118410
124054820
123945364
123937711
123902038
123771265
123768838
123724851
123709294
123538091
123537854
123494013
123217673
122929394
122840317
122720742
122648071
122568771
122518895
122474327
122395036
122050354
122043150
122026642
121983886
121981219
121910382
121875367
121782250
121725186
121691220
121592013
121446233
121290186
121072127
121050214
120982054
120965639
120948335
120825371
120637362
120598626
120449018
120423457
120422890
120364612
120333153
120283548
120074277
120021172
119996822
119975529
119966185
119877457
119872602
119869482
119402098
119234127
119214438
119192916
119110153
119063168
119034110
119025076
118974338
118939984
118922813
118919836
118779692
118494140
118361991
118357275
118293457
118287027
118263744
118237666
118130601
118095423
117985459
117892836
117603180
117580919
117459188
117376554
117317630
117309860
117226105
117200066
117109267
117103543
116981833
116824096
116822397
116801025
116721624
116709185
116650623
116346209
116274159
116265456
116262841
116222060
116182483
116058998
115834095
115327192
115263443
115258426
115129049
115090943
115041474
115013639
115010367
115005290
114886968
114819004
114733205
114699013
114697875
114671150
114637414
114567932
114559833
114556005
114446042
114424219
114283075
114224910
114219830
114185607
114180680
114096799
114076008
113798055
113711389
113640015
113541329
113502280
113497670
113456647
113437286
113396266
113171299
113108048
112910977
112813776
112700161
112606050
112584503
112462349
112343788
112328606
112319073
112275830
112252019
112235913
112193887
112060588
111968402
111781855
111706945
111623535
111590862
111444216
111417864
111348884
111320301
111273950
111169853
110951324
110831064
110740904
110739561
110658800
110656053
110239396
110213676
110014141
109959370
109803715
109730165
109699010
109691758
109676630
109666662
109655575
109622274
109599555
109595488
109525150
109519839
109411595
109290060
109082379
108846502
108736053
108722621
108630445
108523846
108522525
108451315
108313012
108245042
108181121
108052553
107966227
107925179
107794375
107782570
107772722
107771977
107712123
107610273
107573632
107534117
107485911
107378213
107292724
107280978
107212962
107023682
106962701
106961192
106832406
106749466
106527038
106412310
106399770
106350983
106276267
106224304
106191989
106153963
106047568
106031838
105933754
105853975
105837015
105825470
105693700
105678272
105600247
105466891
105447448
105421531
105401372
105342720
105314530
105290960
105072616
105053005
105051739
105044513
104991302
104925220
104923919
104916117
104842242
104741506
104740483
104717427
104648214
104434117
104405593
104404169
104005135
103994569
103977947
103909385
103812692
103788165
103777700
103674339
103650372
103608867
103578959
103575522
103545523
103468842
103421265
103409341
103350622
103182334
103149719
103133017
103100815
103081144
103014603
102982969
102963694
102935595
102742318
102659359
102559372
102486172
102398575
102356907
102322532
102284579
102092253
102051425
102037271
102035387
101945865
101791735
101767069
101700086
101690066
101496187
101127404
101125263
101067664
101051935
100998113
100971639
100966759
100934540
100890945
100844035
100704080
100642068
100634697
100595821
100524801
100512426
100485897
100473438
100458264
100455569
100437998
100365139
100247790
100217976
100207037
100131614
99876825
99865927
99835311
99803195
99558741
99432614
99430428
99399873
99272117
99217947
99213040
99116217
99093487
98978623
98967983
98914833
98787453
98746745
98729159
98690763
98667713
98663029
98654734
98628628
98626687
98614051
98609840
98570894
98456854
98267870
98209495
98175349
98055569
97856360
97773736
97716450
97716187
97614609
97427363
97390577
97345533
97329433
97276609
97254438
97181392
97180830
97150898
97076735
97059966
97021055
97015155
96969320
96894232
96855998
96817246
96811651
96758987
96610707
96577975
96386968
96360786
96309240
96272145
96247139
96198855
96185008
96120002
96085342
96060283
96014541
95792286
95789223
95721934
95654193
95606419
95580735
95548929
95496964
95472171
95456712
95381052
95377654
95301290
95222834
95049231
94775133
94758715
94742923
94687657
94502415
94111492
94055380
94025272
93996583
93936742
93934027
93921449
93867400
93853946
93852005
93821592
93807185
93791874
93747166
93721203
93694804
93694646
93686975
93666720
93505614
93427282
93227917
93060467
93053399
93051686
93025654
92984771
92876815
92845148
92822503
92765329
92645076
92631784
92530169
92488991
92479617
92428729
92406118
92361186
92334292
92318079
92264425
92033228
91979605
91884016
91839849
91645124
91501760
91333931
91040077
91021928
90985055
90646452
90449571
90422488
90391605
90326288
90252826
90158698
90130411
90049188
89987065
89912546
89901071
89879828
89845606
89730553
89677459
89596701
89390596
89364931
89357968
89345428
89155695
89095179
89088479
89057285
88877798
88750444
88720335
88715055
88692674
88613549
88589722
88473901
88470152
88446587
88440753
88303152
88197255
87833531
87807863
87797371
87728465
87706270
87679145
87546435
87540775
87435493
87429709
87420044
87379242
87375605
87372863
87349596
87272028
87262988
87221884
87215785
87116857
87099252
87055497
86976194
86925789
86900545
86560101
86555440
86398322
86269260
86148292
86120133
86048262
85998409
85939003
85763239
85752317
85625511
85577879
85503874
85453617
85417358
85387885
85327863
85217551
85206341
85178842
85114016
85057180
84917267
84892406
84845649
84520044
84507132
84506107
84498857
84390554
84366848
84257712
84180329
84149044
84102382
84078402
84063502
84012400
83980726
83979852
83950122
83923463
83858094
83818880
83795049
83793641
83735851
83734711
83709781
83635438
83588236
83587302
83565346
83524919
83518399
83459573
83433940
83404690
83402858
83388943
83362612
83298252
83270572
83235151
83203998
83184306
83113377
83063662
83000379
82908041
82879998
82878880
82825108
82705667
82697689
82544219
82426996
82418852
82390096
82380564
82364139
82320206
82297438
82292855
82104906
82100748
82085987
82062111
82046261
82030591
82007850
81942016
81344958
81343014
81160498
81153202
81140022
81066386
81061562
81004483
80913495
80855539
80770730
80759390
80713923
80602859
80470252
80425743
80408270
80101035
80099787
80092211
80064784
80057836
80021292
79946915
79680708
79646614
79620915
79612230
79554434
79425288
79400419
79391089
79336927
79325062
79260054
79245459
79242571
79178032
79165125
79150359
78988676
78917811
78872559
78715523
78661288
78550797
78513873
78502855
78483344
78474056
78419741
78361533
78242899
78194521
78149820
78149000
78057966
77891247
77789868
77714706
77625504
77600267
77577400
77576936
77527899
77505634
77455204
77390552
77384906
77349351
77301241
77265697
77237631
77135531
77128399
77008600
76999474
76953882
76952787
76839401
76725079
76656384
76600635
76596918
76579150
76374511
76360190
76331340
76311350
76284791
76117562
76092031
76018720
75927708
75902632
75884410
75786105
75644927
75575780
75535623
75522541
75490665
75454589
75440718
75303731
75280195
74923573
74910766
74859078
74574129
74498386
74310620
74192045
74177456
74106827
74082180
73999435
73987245
73957806
73894863
73787425
73780417
73712677
73700883
73630397
73553329
73472791
73394524
73321435
73080415
72982274
72804727
72487304
72438091
72434831
72431251
72423880
72344382
72259914
72079260
71983131
71725892
71717003
71701274
71624819
71387829
71271758
71091667
70862176
70820511
70679128
70584518
70541914
70525322
70462022
70436329
70423352
70384243
70337619
70321268
70111467
70077319
70069394
69990678
69916826
69887531
69718809
69585684
69550156
68828539
68827790
68821654
68795591
68753793
68716787
68646666
68368206
68315191
68299974
68253324
68253255
68246020
68224887
68134969
68113797
67980279
67678527
67540403
67131079
67094712
66879628
66674565
66647945
66521913
66364079
66347365
66271103
66248274
65948976
65922002
65909754
65897205
65861400
65827802
65651114
65625612
65559008
65454136
65281327
65076454
64960929
64697533
64664019
64609845
64567171
64466443
64420471
64231916
64094045
64023149
64005824
63966898
63952064
63861819
63839646
63756323
63535270
63531050
63512353
63396852
63370261
63359267
63355736
63347301
63282841
63160838
63016670
62979246
62950346
62721201
62670915
62563331
62530069
62502611
62483231
62343383
62275592
62122194
62019089
61907071
61903302
61836206
61696746
61265177
61172648
61148221
60912451
60776032
60635737
60536476
60393608
60347283
60340313
60263694
60245961
60238277
60188077
60149680
60054993
60021979
59995643
59912222
59907627
59905987
59885191
59863977
59808574
59783790
59678203
59650671
59649735
59631603
59537849
59529025
59444033
59422336
59388548
59318058
59025554
58905392
58651380
58507290
58487018
58485565
58468838
58439798
58403448
57923727
57890718
57803671
57796215
57693275
57655911
57651356
57558232
57488636
57414599
57396907
57388577
57367643
57329585
57224354
57187335
57161283
57008253
56978188
56920451
56769587
56767467
56743690
56673826
56634104
56456003
56374459
56304712
56221858
56207394
56130970
56115815
56106405
56089033
55946742
55900698
55896156
55882053
55856302
55852497
55727055
55696942
55546332
55498908
55430023
55377216
54804550
54755135
54681363
54632130
54618924
54566904
54526574
54492061
54432418
54424954
54344198
54307363
54259499
54023045
53982064
53848064
53788022
53760496
53683586
53668023
53657900
53583715
53558681
53556715
53543278
53537469
53501490
53486283
53340498
53330914
53315798
53233050
53192643
53024851
52982067
52929637
52911207
52893227
52863807
52851466
52843734
52835910
52770427
52756751
52696504
52633573
52523552
52521831
52506529
52421916
52389305
52334527
52313331
52250653
52221148
52146051
52118955
52000814
51936657
51758885
51706410
51666053
51593163
51553882
51483005
51458458
51422646
51356085
51299303
51184072
51173553
51019790
50919871
50892384
50781290
50728257
50620343
50576048
50470121
50242920
50230446
50090629
49962640
49875258
49764010
49724972
49528404
49485666
49461764
49336024
49191213
49160309
49147627
49101488
49074281
48867822
48799048
48579809
48560510
48275960
48268961
48248719
48243391
48241065
48194432
48054729
47967672
47952312
47942850
47871358
47867852
47725355
47667121
47506073
47488310
47460597
47417586
47409371
47317798
46968381
46935975
46910967
46766406
46641388
46387990
46356463
46269480
46168577
46056400
45906227
45889320
45820469
45800812
45663479
45577137
45544280
45520879
45328362
45258450
45215881
45200765
45156322
45104588
45005544
44922302
44853149
44814609
44725749
44544830
44526474
44522590
44451810
44402152
44342243
44288394
44246054
44184986
44115288
44033376
43825807
43773921
43660312
43641331
43499132
43335725
43203289
43131691
43029579
42990066
42983282
42816712
42801711
42690520
42632530
42609997
42478253
42411800
42294620
42283248
42251427
42167438
42113178
42069203
42050849
42037769
42035555
42008506
41894718
41811241
41764389
41736649
41724358
41704545
41539015
41523945
41483823
41371768
41211188
41196219
41150111
41101740
41099276
40999502
40884696
40841421
40720046
40709466
40697116
40554786
40433062
40399031
40390679
40279790
40266001
40188085
40150307
40058282
39807877
39727734
39674764
39663170
39545302
39534726
39455473
39434647
39369458
39339065
39308912
39229734
39091408
39084333
39082467
39059841
38943012
38847587
38753104
38690023
38586606
38349773
38299870
38243501
38233885
38227318
38214039
38192626
37799894
37650456
37547976
37472900
37454645
37224373
37175623
37170115
37078487
37004987
36980337
36947811
36886121
36850298
36737068
36623069
36611334
36483799
36327301
36240648
36237078
35964823
35839716
35626496
35545721
35489147
35482568
35435702
35394258
35298281
35270817
35166712
35017824
34914838
34865518
34836783
34780841
34767869
34590365
34558075
34366412
34131138
34108941
34087460
34067473
33948318
33890722
33865487
33836833
33623494
33601721
33575122
33559485
33555475
33537323
33497629
33427183
33408048
33400395
33308150
33149030
33136464
33135601
33105225
33096121
33039437
33019711
32967605
32894090
32852192
32602964
32583958
32583800
32516644
32428969
32150822
31887511
31812354
31634441
31577012
31505534
31477568
31387181
31348215
31202627
31116953
30941128
30811123
30774461
30742340
30739101
30660527
30632568
30555344
30508128
30308933
30214531
30194568
30115042
30113034
30082828
29999745
29986980
29947212
29755827
29723049
29666029
29588939
29480510
29476546
29414319
29309733
29179550
29158947
29051085
28959574
28930074
28920776
28910460
28835483
28826772
28671758
28649372
28637974
28493695
28488758
28411475
28278780
28233799
28210162
28189224
28022553
27884187
27775753
27709392
27499022
27264312
27078352
27075906
27025859
26966117
26719109
26705972
26648810
26635388
26620706
26396585
26184200
26111674
25931865
25931387
25850262
25834985
25833776
25791230
25753178
25750484
25749709
25663989
25597340
25543332
25393787
25254033
25236273
25203318
25120943
24882654
24774984
24360363
24314777
24311888
24265868
24035134
23979736
23931324
23911620
23905768
23841102
23811709
23766610
23673986
23614363
23602901
23575946
23519353
23329524
23265286
23260692
23171101
23164711
23128733
22777523
22736577
22659446
22327403
22245733
22170478
22014707
22001944
21997853
21917196
21880119
21879167
21839724
21390391
21354631
21348778
21307925
21145667
20849262
20764925
20731531
20683040
20656656
20593841
20578207
20576324
20511613
20505936
20430319
20427301
20239044
20186473
20086418
20020327
19955688
19917098
19804058
19786779
19762922
19741827
19660126
19310306
19228573
19193893
19154474
19093598
19042997
19020628
18976968
18945492
18706025
18651147
18625992
18505243
18484131
18329444
18226504
18183109
18099210
18089333
17873459
17741155
17565481
17555061
17426878
17221443
17063459
17022328
16971933
16893550
16836198
16724537
16029433
16009932
15997570
15970602
15922948
15884237
15811953
15797835
15661216
15614968
15549641
15329299
15127788
15082243
14986603
14875452
14871234
14834259
14828024
14672677
14602483
14524497
14480749
14468792
14367284
14298373
14220813
14164920
14090595
13913283
13880715
13782655
13719292
13527354
13459010
13351255
13282629
13267084
13236993
13222468
13181972
13145537
13141751
12995509
12847056
12699475
12692281
12680632
12534077
12496982
12327898
12314078
12304374
12207289
12176038
11870901
11865325
11859064
11770248
11758000
11717547
11703567
11581708
11505337
11346623
11258214
11240897
11130408
11052715
10965025
10924173
10890454
10842530
10806787
10740616
10703794
10645357
10622616
10556438
10547186
10489022
10469697
10440946
10368846
10331468
10109111
10092717
9958620
9956880
9665994
9627146
9518051
9489169
9282762
9280653
9237757
9136121
9102885
8942064
8941560
8910887
8890762
8807380
8698119
8430619
8387306
8381103
8279070
8142344
8053300
8032629
7990962
7914807
7824814
7823945
7806776
7699904
7679707
7620878
7604656
7474491
7462190
7436672
7429006
7206492
7162482
7117780
6971919
6770415
6609761
6500716
6465337
6412663
6274648
6192390
6144789
6143396
6057666
6032028
5970312
5957589
5930981
5915005
5902806
5856371
5747666
5574146
5550517
5496096
5487489
5481568
5388945
5248990
5237468
5197961
5140963
5114568
5047939
4931028
4835192
4758764
4757046
4723626
4685898
4681219
4585923
4508517
4494640
4451038
4358736
4291202
4183093
4160914
4030068
3993879
3991206
3991018
3985210
3955846
3876098
3867452
3829113
3822086
3807004
3795068
3617642
3480791
3459366
3325902
3294301
3245658
3006476
2906919
2790829
2773072
2740255
2631122
2600508
2598257
2454991
2361986
2184955
2080069
2030967
1873595
1811708
1783437
1754283
1721012
1597484
1515364
1487493
1337309
1288802
1238651
1238566
1238463
1238334
1238248
1238233
1238101
1238021
1237636
1237620
1237615
1237565
1237270
1237214
1237128
1237096
1237043
1237015
1236921
1236898
1236637
1236612
1236536
1236531
1236374
1236324
1236227
1236057
1235446
1235380
1235171
1235116
1235073
1234911
1234898
1234812
1234671
1234650
1234627
1234599
1234558
1234555
1234545
1234467
1234449
1234395
1234288
1234268
1234252
1234184
1234060
1234037
1234025
1233718
1233364
1233286
1233204
1233199
1233180
1233171
1233145
1233133
1232919
1232449
1232411
1232318
1232307
1232262
1232239
1232199
1232195
1232163
1232132
1232114
1232071
1232064
1232044
1232015
1231931
1231839
1231806
1231795
1231770
1231765
1231761
1231710
1231561
1231558
1231453
1231447
1231406
1231236
1231093
1231083
1230900
1230873
1230841
1230593
1230551
1230527
1230515
1230356
1230352
1230150
1229821
1229676
1229671
1229597
1229386
1229318
1229313
1229225
1229215
1229213
1229195
1229090
1229015
1228972
1228889
1228649
1228640
1228630
1228528
1228398
1228337
1228288
1228239
1228110
1228107
1228061
1228052
1227909
1227901
1227795
1227716
1227713
1227638
1227607
1227454
1227440
1227405
1227160
1226833
1226555
1226524
1226314
1226089
1226027
1225957
1225902
1225827
1225761
1225621
1225492
1225484
1225420
1225374
1225334
1225097
1225042
1224957
1224834
1224764
1224546
1224389
1224355
1224273
1224233
1224231
1223829
1223387
1223289
1223285
1223148
1223044
1223043
1223037
1223017
1222815
1222766
1222753
1222724
1222639
1222585
1222560
1222523
1222480
1222347
1222278
1222214
1222195
1222108
1222089
1222081
1222041
1222038
1221995
1221881
1221875
1221732
1221683
1221682
1221607
1221565
1221553
1221506
1221505
1221504
1221316
1221283
1221200
1221030
1221022
1221009
1220980
1220972
1220963
1220838
1220831
1220770
1220694
1220624
1220553
1220523
1220461
1220411
1220336
1220265
1220239
1220158
1220151
1220136
1220102
1220060
1219963
1219938
1219868
1219831
1219781
1219760
1219653
1219637
1219624
1219593
1219456
1219303
1219276
1219267
1219232
1218990
1218979
1218933
1218905
1218785
1218760
1218713
1218251
1218161
1218158
1218105
1218071
1217814
1217746
1217576
1217461
1217428
1217360
1217318
1217279
1217194
1217115
1217098
1217030
1217026
1217020
1217013
1216983
1216847
1216829
1216770
1216759
1216711
1216682
1216463
1216437
1216377
1216335
1216193
1216179
1216150
1216136
1215927
1215895
1215860
1215857
1215711
1215681
1215603
1215590
1215493
1215446
1215391
1215294
1215264
1215114
1215042
1214465
1214211
1214205
1213411
1213287
1213274
1213163
1212026
1211152
1210990
1210898
1210863
1209648
1209486
1209445
1209336
1209163
1209109
1209063
1209023
1208996
1208985
1208818
1208760
1208666
1208476
1208422
1208378
1208354
1208141
1208123
1207585
1207502
1207357
1207356
1207309
1207200
1207182
1207174
1207115
1207075
1206388
1205998
1205984
1205911
1205799
1205758
1205741
1205628
1205607
1205602
1205269
1205211
1205071
1204925
1204875
1204861
1204841
1204839
1204800
1204791
1204705
1204662
1204643
1204639
1204498
1204462
1204102
1203981
1203837
1203827
1203424
1203382
1202775
1202326
1202043
1201792
1201291
1200787
1200704
1200430
1200157
1199916
1199813
1198364
1197990
1197867
1197815
1197801
1197760
1197750
1197602
1197324
1197236
1197227
1196983
1196959
1196920
1196717
1196694
1196669
1196653
1196645
1196512
1196469
1196363
1196145
1196140
1196125
1196067
1196065
1196061
1195966
1195954
1195812
1195636
1195423
1195385
1195324
1195245
1195197
1195176
1195107
1195028
1195018
1194938
1194818
1194750
1194675
1194652
1194585
1194513
1194388
1193813
1193711
1193647
1193631
1193630
1193579
1193560
1192941
1192862
1192707
1192643
1192629
1192420
1192207
1192147
1191860
1191719
1191708
1191448
1191037
1190967
1190941
1190919
1190335
1190005
1189980
1189962
1189831
1189747
1189706
1189677
1189548
1189426
1189424
1189416
1189369
1189280
1189248
1189245
1189238
1189237
1189119
1189084
1188966
1188864
1188750
1188629
1188628
1188597
1188553
1188451
1188384
1188209
1188016
1187984
1187921
1187880
1187796
1187666
1187631
1187628
1187600
1187569
1187445
1187405
1187285
1187282
1187147
1187081
1187038
1186925
1186907
1186890
1186800
1186709
1186594
1186237
1186219
1186169
1186152
1186114
1186061
1186035
1186018
1185881
1185723
1185630
1185488
1185470
1185392
1185336
1185324
1185303
1185190
1185026
1184988
1184976
1184974
1184973
1184936
1184841
1184683
1184677
1184649
1184633
1184573
1184569
1184491
1184361
1184095
1184005
1183995
1183919
1183853
1183260
1183143
1183110
1183106
1183021
1182956
1182849
1182621
1182482
1182394
1182124
1182117
1182010
1181999
1181980
1181968
1181867
1181816
1181664
1181576
1181359
1181322
1181306
1181173
1180945
1180832
1180775
1180723
1180673
1180571
1180443
1179929
1179748
1179733
1179598
1179212
1178848
1178766
1178709
1178675
1178550
1178249
1178248
1178243
1178157
1177927
1177730
1177539
1177480
1177160
1177078
1177026
1176890
1176266
1176157
1175922
1175847
1175587
1175281
1175063
1174711
1174705
1174562
1174518
1174440
1174247
1174004
1173942
1173832
1173831
1173583
1173394
1173067
1172993
1172957
1172558
1172248
1171595
1171514
1171311
1171006
1170850
1170848
1170718
1170318
1170102
1169778
1169469
1169455
1169113
1169060
1169028
1169017
1169010
1169001
1168962
1168893
1168892
1168831
1168606
1168529
1168528
1168490
1168465
1168193
1168141
1167727
1167646
1167279
1167186
1166679
1166478
1166183
1165875
1165839
1165778
1165424
1165395
1165344
1164582
1164504
1164449
1164421
1164331
1164323
1163879
1163830
1163624
1163468
1162976
1162702
1162651
1162557
1162358
1162118
1161658
1161559
1161527
1161284
1161029
1160947
1160748
1160704
1160427
1160354
1160333
1160271
1160157
1159875
1159544
1159528
1159374
1159183
1159124
1158921
1158894
1158882
1158694
1158486
1158300
1158278
1158233
1158165
1158141
1158110
1157937
1157886
1157868
1157784
1157710
1157402
1157391
1157269
1157132
1156984
1156931
1156867
1156661
1156518
1156419
1156293
1156076
1155058
1154812
1154807
1154690
1154686
1154645
1154488
1154222
1154190
1154060
1154050
1154043
1153984
1153808
1153783
1153651
1152899
1152681
1152406
1152251
1152208
1151875
1151836
1151436
1150858
1150662
1150600
1150501
1150420
1150081
1149898
1149563
1149510
1149483
1149401
1149340
1149049
1148914
1148909
1148308
1148180
1148050
1147920
1147796
1147590
1147304
1147295
1147212
1146827
1146733
1146129
1146050
1145902
1145872
1145855
1145202
1145029
1145025
1144882
1144838
1144793
1144784
1144641
1144507
1144504
1144421
1144389
1144382
1144002
1143754
1143668
1143587
1143540
1143520
1143416
1142966
1142751
1142643
1142420
1142203
1142084
1141875
1141665
1141471
1141459
1141279
1141259
1140764
1140701
1140695
1140256
1140193
1139928
1139853
1139699
1139492
1139396
1139341
1138878
1138720
1138572
1138217
1137652
1137093
1136859
1136709
1136654
1136650
1136235
1135773
1135619
1135529
1135516
1135478
1135308
1135200
1134940
1134935
1134930
1134679
1134673
1134525
1134510
1134451
1134407
1134277
1134212
1134197
1134118
1134052
1133919
1133911
1133748
1133663
1133593
1133264
1133249
1133147
1133057
1133037
1132435
1132143
1132121
1131987
1131912
1131867
1131857
1131528
1131523
1131294
1131244
1130920
1130798
1130790
1130772
1130466
1130201
1130043
1129920
1129771
1129452
1129425
1129226
1129223
1129052
1128980
1128812
1128584
1128519
1128412
1128302
1128223
1128178
1128069
1127953
1127847
1127815
1127705
1127702
1127526
1127445
1127110
1126813
1126599
1126203
1126150
1126087
1126054
1126010
1125866
1125829
1125716
1125687
1125636
1125627
1125440
1125206
1124879
1124860
1124438
1124321
1124318
1123895
1123677
1123623
1123558
1123536
1123150
1123057
1122993
1122777
1122763
1122170
1122101
1121804
1121473
1121358
1121336
1121270
1121255
1121149
1121000
1120780
1120585
1120576
1120223
1119871
1119475
1119339
1119257
1119254
1118966
1118899
1118823
1118725
1118706
1118703
1118636
1118173
1117892
1117877
1117847
1117653
1117645
1117632
1117515
1117493
1117245
1117178
1117116
1117082
1117027
1116999
1116962
1116811
1116792
1116680
1116439
1116170
1115987
1115967
1115933
1115644
1115613
1115513
1115268
1114872
1114869
1114703
1114664
1114579
1114558
1114485
1114437
1114418
1114218
1114208
1114192
1114140
1113996
1113786
1113583
1113390
1113323
1113234
1113194
1113007
1112970
1112883
1112581
1112571
1112534
1112509
1112508
1112445
1112210
1111860
1111701
1111355
1111309
1111295
1111071
1111042
1111004
1111000
1110887
1110866
1110717
1110689
1110601
1110492
1110289
1110230
1110193
1110064
1110057
1110046
1109898
1109832
1109772
1109735
1109706
1109691
1109616
1109592
1109566
1109533
1109505
1109482
1109370
1109292
1109211
1109154
1109035
1108844
1108773
1108333
1108332
1108288
1108262
1108141
1108127
1108015
1107840
1107821
1107533
1107083
1107046
1107044
1106970
1106933
1106700
1106691
1106649
1106532
1106368
1106326
1106274
1105974
1105879
1105784
1105435
1105333
1105320
1105158
1105148
1104990
1104985
1104938
1104898
1104866
1104791
1104687
1104638
1104504
1104438
1104341
1104239
1104062
1103706
1103563
1103511
1103446
1102562
1102504
1102478
1102460
1102416
1102360
1102299
1102289
1102282
1102015
1101783
1101755
1101665
1101659
1101398
1101335
1101310
1101250
1101142
1100879
1100745
1100650
1100365
1100220
1100201
1100185
1100117
1099756
1099359
1099316
1098971
1098700
1098522
1098342
1098324
1098247
1098068
1098042
1097988
1097894
1097867
1097734
1097707
1097504
1097392
1097375
1097345
1097186
1097125
1097094
1097016
1097006
1096964
1096825
1096732
1096635
1096628
1096560
1096505
1096431
1096391
1096224
1096154
1096074
1095977
1095964
1095872
1095691
1095632
1095200
1094531
1094332
1094155
1094085
1093925
1093923
1093907
1093840
1093811
1093809
1093782
1093729
1093681
1093485
1093482
1093372
1093154
1092921
1092912
1092832
1092416
1092240
1092104
1092036
1091889
1091739
1091642
1091389
1091336
1091294
1091274
1091235
1091113
1090896
1090891
1090555
1090485
1090409
1090384
1090250
1090203
1089969
1089867
1089418
1089411
1089354
1089323
1089312
1089181
1089105
1089066
1088994
1088736
1088588
1088421
1088324
1088282
1087913
1087705
1087255
1086868
1086724
1086694
1086578
1085177
1085051
1085042
1085040
1084951
1084323
1084192
1084009
1083917
1083236
1083068
1082999
1082780
1082692
1082683
1082444
1082316
1082111
1081950
1081938
1081661
1081229
1081199
1080952
1080149
1080062
1079172
1078661
1078464
1078116
1078092
1078048
1077791
1077767
1077734
1077655
1077556
1077506
1077478
1076987
1076440
1076318
1076144
1076022
1075993
1075801
1075664
1075476
1075455
1075389
1075336
1075251
1075008
1074863
1074639
1074268
1074239
1074172
1074170
1074075
1073952
1073903
1073801
1073531
1073499
1073414
1073276
1073253
1073230
1073142
1072900
1072834
1072669
1072191
1072053
1071943
1071870
1071406
1071156
1071029
1070432
1070290
1070237
1070072
1069948
1069679
1069643
1069483
1069211
1069130
1069027
1068971
1068806
1068749
1068562
1068412
1067822
1067765
1067704
1067643
1067398
1067293
1067222
1067143
1067031
1066800
1066732
1066621
1066591
1066309
1066197
1065818
1065560
1065364
1065112
1065065
1064847
1064683
1064661
1064606
1064415
1064410
1064094
1063947
1063788
1063703
1063360
1063087
1063058
1063050
1062973
1062855
1062794
1062464
1062200
1062186
1062184
1062090
1062039
1062004
1061816
1061601
1061590
1061574
1061535
1061420
1061176
1061002
1060921
1060568
1060551
1060174
1060158
1060103
1060026
1059987
1059895
1059832
1059771
1059569
1059458
1059425
1059315
1059238
1058943
1058878
1058700
1057971
1057747
1057423
1057318
1056879
1056759
1056727
1056472
1056435
1056095
1056072
1056060
1055989
1055757
1055723
1055691
1055655
1055546
1055444
1055375
1055339
1055295
1055184
1055123
1055056
1055005
1054969
1054835
1054678
1054542
1054501
1054398
1054391
1054157
1054125
1054053
1054043
1053964
1053950
1053927
1053886
1053136
1052975
1052870
1052814
1052772
1052657
1052586
1052551
1052506
1052493
1052460
1052354
1052342
1052247
1052195
1052039
1051621
1051583
1051319
1051218
1051066
1050980
1050736
1050726
1050614
1050236
1049994
1049612
1049290
1049035
1048754
1048491
1048400
1048283
1047995
1047922
1047672
1047447
1047401
1047363
1047352
1047302
1047290
1047206
1047176
1047141
1047084
1047083
1047073
1047043
1046371
1046284
1046155
1046153
1046116
1046081
1046009
1045985
1045753
1045705
1045646
1045133
1045036
1044853
1044665
1044538
1044431
1044404
1044221
1044149
1043960
1043922
1043900
1043883
1043833
1043823
1043822
1043817
1043705
1043607
1043489
1043466
1043416
1043263
1043220
1043219
1042771
1042744
1042740
1042586
1042423
1042388
1042381
1042229
1042172
1042106
1042099
1041996
1041982
1041941
1041794
1041764
1041689
1041628
1041348
1041310
1041249
1041061
1040675
1040592
1040472
1040389
1040161
1040042
1039907
1039874
1039768
1039739
1039623
1039500
1039422
1039101
1039082
1038853
1038840
1038791
1038493
1038390
1038324
1038265
1038180
1038056
1037974
1037971
1037864
1037765
1037753
1037695
1037645
1037474
1037002
1036864
1036787
1036740
1036523
1036488
1036340
1036308
1036297
1036252
1036161
1035851
1035760
1035608
1035600
1035548
1035271
1035115
1034965
1034785
1034698
1034644
1034369
1034023
1033812
1033601
1033579
1033551
1033505
1033346
1033118
1033022
1032762
1032607
1032567
1032503
1032367
1032348
1032160
1031881
1031782
1031727
1031464
1031317
1031294
1031190
1031156
1030954
1030717
1030645
1030629
1030496
1030321
1030271
1030220
1030161
1030158
1030044
1030013
1029927
1029806
1029803
1029726
1029718
1029555
1029337
1029317
1028886
1028850
1028780
1028745
1028711
1028686
1028587
1028480
1028400
1028216
1028121
1028120
1028110
1028082
1028066
1027567
1027543
1027533
1027399
1027360
1027257
1027256
1027247
1027222
1027182
1026985
1026932
1026893
1026787
1026496
1026366
1026181
1026085
1025979
1025772
1025759
1025711
1025640
1025560
1025438
1025399
1025270
1025255
1025238
1025210
1025183
1025117
1024999
1024975
1024764
1024478
1024265
1024200
1024110
1023846
1023827
1023244
1023199
1023149
1023085
1023008
1022908
1022884
1022732
1022568
1022420
1022349
1022053
1022042
1021884
1021840
1021733
1021686
1021666
1021578
1021457
1021333
1021273
1021220
1021153
1021151
1021104
1020999
1020977
1020902
1020863
1020796
1020749
1020708
1020699
1020593
1020577
1020574
1020411
1020381
1020334
1020267
1020219
1020096
1020084
1020006
1019886
1019710
1019405
1019177
1019173
1018959
1018906
1018814
1018807
1018788
1018781
1018741
1018642
1018586
1018122
1017874
1017840
1017809
1017792
1017701
1017539
1017495
1017462
1017264
1017240
1017233
1017164
1017103
1016900
1016826
1016695
1016558
1016521
1016167
1015980
1015821
1015541
1015518
1015304
1015175
1015171
1015093
1014743
1014435
1014408
1014381
1014380
1014357
1014356
1014226
1014201
1013914
1013804
1013749
1013740
1013706
1013389
1013311
1013283
1013070
1012759
1012665
1012334
1012319
1012311
1011851
1011788
1011716
1011393
1011156
1010920
1010853
1010802
1010477
1010447
1010381
1010192
1009909
1009724
1009503
1009456
1009411
1009117
1009112
1009026
1008885
1008819
1008650
1008419
1007571
1007284
1007202
1007087
1007071
1006765
1006647
1006637
1006228
1006190
1005889
1005864
1005721
1005679
1005293
1005123
1005093
1004861
1004795
1004789
1004774
1004708
1004571
1004441
1004193
1004107
1004099
1004094
1004085
1003659
1003602
1003596
1003374
1003158
1003098
1003050
1003024
1002890
1002793
1002625
1002407
1002387
1002280
1001814
1001284
1001144
1001119
1001048
1000945
1000932
1000571
1000515
1000445
1000104
999175
998753
998747
998745
998029
997867
997788
997452
997390
997261
997156
996377
996241
995618
995364
995266
994948
994841
994755
994626
994596
994214
993943
993867
993756
992992
992889
992873
992480
992408
992404
991939
991885
991838
991775
991346
991310
991127
991035
990779
990668
990632
990596
990552
990414
990305
990241
990236
989994
989917
989857
989687
989234
989198
989037
988891
988568
988552
988529
988472
988166
988160
988152
988050
987973
987885
987872
987816
987776
987479
987264
987231
987206
987194
987154
987130
987103
986949
986746
986505
986292
986256
986047
985923
985617
985476
985443
985095
984846
984368
984208
984147
984085
984004
983978
983845
983742
983722
983572
983551
982972
982829
982647
982591
981892
981522
981152
980939
980625
980529
980513
980208
979953
979895
979891
979701
979357
979327
979254
979246
979020
978958
978815
978804
978303
977853
977631
977569
977549
977228
977209
977034
976789
976704
976651
976626
976381
976270
976192
976162
976064
975995
975839
975422
975417
975388
975356
975112
975086
974928
974803
974787
974651
974564
974539
974442
974371
974198
974145
974043
973856
973796
973753
973175
973105
973082
973036
972972
972809
972733
972686
972559
972552
972344
972283
972206
971881
971811
971691
971562
971485
971391
971121
971051
970996
970761
970219
970124
970044
969893
969831
969528
969469
969439
969320
969271
969153
969055
968480
968294
968168
968101
968038
968004
967735
967715
967627
967606
967546
967532
967452
967443
966817
966725
966611
966515
966405
966361
966332
966281
966059
965942
965803
965613
965459
965435
965425
965273
965026
964665
964458
963935
963741
963549
963285
963253
963164
963045
963012
962950
962625
962452
962427
962410
962346
962110
961976
961707
961698
961330
961180
961128
961115
960791
960587
960441
960322
960204
960106
959954
959926
959674
959654
959562
959343
959245
959170
959059
958990
958962
958921
958901
958896
958875
958855
958780
958762
958751
958659
958471
958453
958401
958306
958255
958095
958070
957921
957899
957774
957590
957544
957403
957204
957134
957030
956880
956855
956722
956341
956312
955921
955899
955867
955766
955725
955689
955546
955461
955402
955378
955360
955355
955192
955138
955082
954935
954898
954821
954775
954771
954727
954696
954687
954515
954466
954391
954296
954259
954245
954196
954082
953802
953293
953208
952981
952913
952854
952779
952744
952645
952619
952601
952502
952447
952434
952345
952336
952315
952308
952198
952023
951996
951958
951919
951914
951890
951722
951720
951710
951597
951594
951253
951094
951070
951032
951004
951002
950909
950883
950815
950753
950718
950701
950647
950408
950392
950318
950277
950275
950191
950114
950065
949900
949775
949768
949738
949556
949548
949467
949442
948980
948955
948938
948921
948896
948833
948782
948694
948584
948569
948118
948117
947985
947766
947509
947489
947464
947396
947303
947257
947195
947072
946653
946602
946576
946515
946301
946268
945473
945454
945335
945291
945035
944880
944685
944475
944460
944435
944259
944258
944093
944042
943819
943715
943654
943561
943497
943423
943373
943357
943340
942992
942959
942906
942884
942833
942802
942790
942786
942696
942649
942606
942511
942451
942131
942078
942032
941865
941679
941667
941606
941581
941517
941511
941438
941288
941163
940896
940858
940844
940806
940793
940773
940763
940700
940605
940517
940502
940415
940359
940214
940056
940011
939826
939821
939784
939754
939736
939734
939724
939686
939613
939583
939533
939509
939422
939400
939371
939259
939143
939131
939088
939048
938997
938968
938846
938598
938475
938408
938370
938337
938227
938120
938114
937963
937913
937808
937764
937737
937630
937447
937440
937426
937363
937260
937121
937107
937038
937022
937009
936940
936897
936811
936594
936270
936168
936138
935647
935537
935359
935300
935195
935053
935033
935030
934856
934843
934730
934714
934695
934509
934392
934352
934289
934282
934179
934085
934082
933888
933755
933684
933636
933592
933544
933516
933506
933481
933463
933447
933338
933301
933040
932975
932857
932811
932786
932761
932726
932504
932485
932300
932249
932154
932111
932107
931840
931839
931739
931562
931527
931506
931485
931362
931335
931331
931284
931113
931076
931047
930975
930891
930855
930760
930707
930304
930297
930277
930212
930209
930159
929770
929714
929679
929643
929409
929329
929309
929269
929118
928953
928882
928726
928580
928575
928569
928504
928431
928375
928221
928219
928194
928034
927972
927953
927915
927669
927580
927493
927492
927419
927418
927373
927371
927367
927323
927268
927183
927177
927091
926893
926742
926530
926498
926486
926349
926240
926160
926066
926035
926016
925924
925848
925810
925807
925806
925681
925665
925664
925507
925491
925473
925445
925390
925261
925152
925067
925034
924931
924886
924822
924747
924638
924567
924523
924507
924475
924236
924226
924215
924164
924110
923872
923845
923677
923496
923432
923357
923266
923238
923170
923153
923072
923040
923039
922993
922967
922944
922816
922787
922764
922734
922557
922513
922402
922331
922234
922212
921617
921599
921508
921463
921381
921300
921257
921061
921000
920873
920848
920829
920785
920757
920604
920550
920457
920387
920232
920196
920173
920111
920008
919937
919897
919792
919770
919753
919748
919681
919652
919402
919383
919364
919331
919146
919128
919100
919091
918974
918941
918736
918732
918579
918542
918534
918481
918160
918122
918121
918087
917952
917818
917802
917799
917720
917667
917655
917591
917455
917454
917421
917354
917041
916984
916839
916836
916773
916738
916728
916712
916709
916674
916497
916456
916410
916404
916320
916289
916128
916059
916052
916050
916043
916042
915841
915686
915624
915575
915512
915403
915258
915227
915095
915081
914987
914931
914750
914741
914547
914487
914450
914416
914413
914380
914305
914219
914184
914179
914172
914119
914106
914003
913994
913960
913936
913912
913901
913859
913684
913680
913666
913618
913611
913495
913460
913399
913253
913141
913006
912948
912783
912774
912744
912722
912566
912558
912533
912520
912505
912493
912474
912362
912341
912287
912262
912237
912218
912085
912025
912004
911941
911936
911930
911779
911757
911711
911665
911659
911642
911589
911503
911488
911448
911414
911269
911216
911185
911134
910995
910958
910946
910935
910779
910772
910751
910742
910451
910280
910275
910267
910154
910151
910054
910023
909987
909808
909778
909775
909750
909724
909703
909669
909573
909527
909505
909502
909489
909446
909179
909165
909129
909064
909028
909015
909011
908990
908951
908931
908891
908713
908686
908643
908617
908350
908203
908186
908008
907957
907943
907793
907742
907523
907444
907436
907419
907404
907322
907312
907294
907161
907114
907093
906853
906672
906623
906557
906502
906483
906469
906300
906257
906235
906170
906041
905887
905837
905836
905775
905745
905726
905724
905695
905666
905526
905464
905420
905299
905253
905226
905182
905174
905154
905097
905081
904932
904848
904802
904799
904589
904515
904507
904492
904352
904310
904293
904275
904270
904117
904109
904097
903976
903948
903856
903833
903750
903521
903427
903426
903275
903196
903187
903166
903102
903004
902959
902921
902892
902879
902864
902851
902803
902774
902768
902758
902724
902719
902557
902538
902455
902445
902415
902373
902357
902286
902063
901883
901846
901744
901694
901677
901504
901424
901403
901301
901290
901244
901220
901134
901015
900997
900957
900875
900842
900838
900830
900785
900658
900610
900592
900544
900505
900499
900487
900482
900465
900457
900409
900404
900400
900362
900338
900287
900282
900247
900218
900189
900137
900058
899985
899981
899961
899906
899689
899678
899656
899632
899337
899298
899016
898913
898907
898859
898841
898816
898813
898790
898776
898712
898703
898646
898566
898530
898445
898438
898362
898352
898348
898329
898326
898308
898286
898280
898257
898241
898172
898167
898144
898079
898054
897990
897897
897699
897695
897669
897647
897626
897615
897470
897438
897430
897377
897302
897289
897186
897184
897176
897174
897068
897032
897028
896976
896937
896902
896893
896868
896842
896764
896751
896749
896746
896745
896723
896690
896672
896666
896586
896548
896422
896399
896378
896361
896360
896342
896337
896301
896284
896229
896158
896154
896143
896133
896092
896049
896011
895940
895879
895798
895797
895775
895738
895705
895704
895644
895628
895584
895554
895482
895470
895463
895462
895437
895428
895425
895397
895391
895383
895375
895366
895315
895304
895277
895261
895229
895227
895224
895175
895161
895156
895137
895119
895112
895105
895097
895049
895030
895018
895011
895005
894984
894959
894929
894927
894908
894849
894845
894839
894823
894817
894794
894744
894712
894682
894672
894670
894649
894630
894616
894601
894580
894563
894532
894529
894520
894497
894486
894473
894444
894434
894422
894406
894359
894352
894324
894312
894281
894276
894244
894232
894227
894225
894222
894220
894212
894186
894151
894132
894126
894111
894095
894093
894082
894080
894075
894060
894040
894027
894018
894011
894008
893985
893971
893913
893900
893886
893883
893870
893861
893834
893773
893760
893717
893707
893643
893635
893617
893577
893491
893488
893473
893448
893429
893296
893294
893287
893255
893252
893247
893233
893207
893203
893186
893158
893104
893084
893081
893076
893074
893031
893026
892973
892901
892885
892870
892860
892858
892836
892822
892783
892779
892768
892760
892754
892750
892731
892725
892722
892692
892673
892642
892639
892628
892613
892594
892586
892581
892566
892559
892547
892538
892486
892464
892447
892438
892431
892419
892395
892386
892376
892366
892348
892346
892338
892329
892293
892290
892263
892247
892232
892192
892188
892185
892140
892123
892116
887793
870649
864562
862718
861572
860978
859453
855620
854259
846093
840227
838770
836657
826100
825518
821235
810355
806183
805631
798776
795594
788493
767872
767503
763122
761236
760671
757140
754028
749424
743113
734564
734481
733152
729796
729773
725715
723311
722096
721313
721236
717862
715108
714336
712025
710582
710462
708826
703972
695596
691199
690112
685194
657856
654446
631535
630604
629259
622797
621527
620096
616274
611559
610720
608807
601432
593380
592372
588157
585460
560895
549028
545107
526987
524216
518106
506252
494502
471093
467863
467574
466284
463440
457292
455414
454127
454024
449831
449084
440077
429359
427229
408561
382221
379682
371026
356225
351367
351356
339676
333595
324641
323033
319268
313396
300412
298359
293482
283071
282487
271361
269298
257910
249605
245553
243477
225126
221451
221125
219458
217964
215714
215353
211948
209538
206416
205269
200043
196740
190365
187764
181229
179294
178627
177338
175199
173462
171218
170311
168612
166332
165167
163335
159420
158215
153882
148674
146955
146950
145587
144013
140916
128004
109707
108508
107940
106960
101905
100843
98834
98416
95895
94217
91607
86255
84012
81795
79639
78153
75878
71888
71060
66794
66481
66150
63467
62907
62771
62707
62673
62085
60852
60126
58755
58414
58169
56668
56175
55323
54830
51343
42087
41504
40980
40556
40469
39420
38849
37406
31637
29748
29208
26084
25627
24076
22878
21365
21064
20345
15475
13477
13386
11580
11401
10710
10667
10459
6306
