224356888
224356572
224356188
224356037
224355745
224354729
224354568
224354522
224354368
224354177
224354102
224353580
224353467
224352070
224352049
224351732
224351702
224351222
224351097
224350906
224350861
224349688
224348873
224348845
224348358
224348296
224347815
224347621
224347268
224346900
224346646
224346327
224346323
224346227
224346210
224346134
224345935
224345697
224344722
224344572
224344307
224344286
224344183
224343917
224343880
224343878
224343826
224343765
224343578
224343104
224342951
224342927
224342684
224342343
224342152
224341875
224341270
224341172
224341048
224341010
224340846
224340745
224340668
224340296
224340225
224340149
224340132
224339804
224339679
224339624
224339225
224339177
224339108
224338851
224338767
224338432
224338391
224338123
224337820
224337806
224337472
224336946
224336703
224336567
224336494
224335560
224335486
224334665
224334407
224334240
224334209
224334117
224333869
224333747
224333656
224333274
224333078
224332984
224332694
224332581
224332551
224331959
224331722
224331522
224330967
224330961
224330066
224330063
224329848
224329736
224329714
224329583
224329563
224329291
224329012
224328954
224328937
224328862
224328707
224328477
224328098
224327149
224326514
224326287
224325975
224325763
224325542
224324059
224316425
224315473
224315176
224314620
224314498
224313885
224313550
224313421
224313418
224313323
224313276
224312993
224312943
224312797
224312175
224311991
224311870
224311482
224311434
224311395
224311259
224311081
224310934
224310931
224310912
224310858
224310850
224310472
224310444
224310298
224309895
224309786
224309681
224309622
224309486
224309451
224309019
224308834
224308729
224308076
224307682
224307496
224307354
224307163
224307035
224307021
224307010
224307008
224306747
224306301
224306027
224305919
224305521
224305463
224305157
224305108
224304784
224304628
224304602
224304396
224304292
224304249
224304162
224303784
224303710
224303557
224303439
224303411
224303379
224303272
224303204
224302993
224302874
224302836
224302805
224302633
224302618
224302617
224302571
224302553
224302549
224302509
224302506
224302487
224302401
224302353
224302338
224302291
224302290
224302208
224302180
224302159
224302149
224302146
224302121
224302104
224302096
224302081
224302072
224301957
224301914
224301905
224301673
224301407
224300899
224300500
224300376
224300169
224300089
224299834
224299647
224299215
224299142
224297997
224297819
224297815
224297602
224297362
224296745
224296650
224295642
224295318
224294915
224294743
224294593
224294583
224294563
224294397
224294202
224294078
224293974
224293783
224293661
224293400
224293397
224293396
224293352
224293315
224292912
224292868
224292696
224292599
224292347
224292333
224292038
224292010
224291896
224291655
224291410
224291365
224290916
224290808
224290589
224290350
224290316
224289836
224289689
224289496
224289488
224289381
224289139
224289049
224288978
224288452
224288113
224288016
224287252
224286866
224286361
224286306
224286088
224285866
224285499
224285332
224285331
224285004
224283813
224283625
224283616
224283424
224283375
224283371
224283174
224283162
224283149
224282551
224282485
224282297
224282141
224282105
224281807
224281697
224280754
224279852
224279645
224279360
224278370
224278163
224277948
224277924
224277866
224277690
224277407
224275824
224275659
224275490
224275427
224275194
224275056
224275023
224274848
224273740
224273383
224273327
224272899
224272732
224272539
224272538
224271993
224271854
224271703
224271212
224270562
224270432
224270375
224270316
224270227
224269934
224269839
224269774
224269737
224269166
224268828
224268444
224268396
224267632
224267436
224267435
224267300
224267269
224267186
224267012
224266786
224266762
224266667
224266454
224266409
224266305
224266248
224266242
224266196
224266136
224266086
224265967
224265920
224265869
224265783
224265727
224265651
224265546
224265125
224265093
224265033
224265031
224264989
224264971
224264579
224264123
224263840
224263285
224263233
224262824
224262645
224262502
224262430
224262057
224262048
224262046
224261985
224261637
224261561
224261487
224261194
224260858
224260465
224260437
224260284
224260153
224259810
224259449
224259422
224259297
224259041
224258153
224257223
224256897
224256048
224255836
224255832
224255303
224253939
224253919
224253517
224253348
224253327
224252974
224252771
224252594
224252314
224252310
224252294
224252158
224251940
224251763
224251681
224251561
224251085
224251020
224251004
224250957
224250900
224250521
224250255
224250002
224249769
224249022
224248914
224248315
224248314
224248310
224247448
224246087
224245956
224245739
224245730
224245715
224245372
224245313
224244705
224244436
224244158
224243986
224243776
224243029
224243027
224242572
224241988
224241647
224241595
224241357
224241126
224240855
224240801
224240772
224240588
224240568
224240355
224239799
224239116
224238876
224238872
224238695
224238611
224238583
224238346
224238181
224237797
224237151
224237000
224236658
224236473
224236432
224236311
224235588
224235540
224235227
224235145
224235032
224234890
224234815
224234745
224234685
224234394
224234378
224234197
224234187
224233243
224232979
224232963
224232893
224232891
224232576
224232546
224232402
224232331
224231699
224231252
224231093
224231092
224230906
224230868
224230734
224230723
224230679
224230561
224230480
224230372
224230364
224230335
224230292
224230238
224230165
224230147
224229998
224229970
224229825
224229631
224229608
224229543
224229433
224229427
224229417
224229382
224229380
224229375
224229349
224229306
224229293
224229271
224229266
224229241
224229239
224229225
224229216
224229210
224229153
224229139
224229137
224229115
224229109
224229105
224229102
224229100
224229088
224229082
224229078
224229077
224229069
224229057
224228822
224228667
224228541
224228441
224228131
224227837
224227392
224227275
224227111
224226436
224226376
224225691
224225653
224225353
224225310
224224881
224224681
224224399
224224238
224224115
224223968
224223577
224223504
224223415
224223336
224222840
224222393
224222291
224221923
224221805
224221801
224221713
224221570
224221538
224221354
224221340
224220970
224220852
224220756
224220749
224220471
224220344
224220184
224220172
224219368
224218924
224218904
224218688
224218179
224218151
224217829
224217737
224216943
224216812
224216763
224216702
224216533
224216478
224216431
224216311
224216159
224216093
224215647
224215530
224215462
224215351
224215119
224215112
224214776
224214718
224214449
224214426
224214248
224214179
224213838
224213614
224213376
224213018
224212933
224212822
224212676
224212614
224212590
224212545
224212437
224212407
224212389
224212388
224212359
224212358
224212083
224210465
224210280
224209864
224209788
224209457
224208973
224208662
224208620
224208058
224207935
224207912
224207742
224207631
224207573
224207462
224207421
224207326
224207317
224207283
224207147
224206977
224206713
224206674
224205469
224205251
224204577
224203378
224203229
224203209
224202814
224202644
224201357
224201027
224200546
224199752
224199350
224198970
224198238
224197568
224197121
224196832
224196820
224196706
224196439
224196374
224196128
224195615
224195511
224195474
224195086
224195041
224194967
224194929
224194843
224194671
224194213
224194038
224194026
224193948
224193839
224193815
224193540
224193526
224193267
224192714
224192696
224192137
224191045
224190405
224190370
224190345
224190263
224190181
224190055
224189948
224189932
224189819
224189723
224189629
224189619
224189618
224189608
224188526
224188262
224188018
224187869
224187453
224187245
224187218
224186956
224186933
224186868
224185904
224185857
224185707
224185597
224185553
224185147
224185029
224184977
224184962
224184668
224183083
224182844
224182321
224182018
224181910
224181778
224181315
224180757
224180007
224179793
224179562
224179531
224179016
224178598
224178319
224178108
224177317
224177160
224176798
224176756
224176720
224176633
224176616
224176508
224176490
224176485
224176484
224176474
224176471
224176462
224176454
224176171
224176066
224175705
224175586
224174942
224174606
224174449
224174277
224174176
224174159
224173725
224173635
224173572
224173452
224173406
224173106
224173100
224173068
224172734
224172378
224172325
224171959
224171848
224171266
224171054
224170995
224170391
224170247
224169717
224169457
224169188
224168205
224167961
224167731
224167534
224167522
224167363
224167090
224166132
224165724
224165551
224165409
224165305
224165236
224165186
224165183
224165180
224165014
224165005
224164757
224164682
224164557
224163766
224163103
224163072
224162560
224162327
224162208
224162060
224161649
224161366
224161059
224160407
224160179
224159799
224159729
224159718
224159278
224158940
224158884
224158733
224158637
224158459
224157660
224157384
224156999
224156963
224156909
224156900
224156700
224156525
224154725
224154449
224154275
224154065
224154062
224152857
224152837
224152388
224152278
224151775
224151157
224150746
224150320
224149860
224149746
224149694
224149556
224149361
224149346
224149142
224148704
224148319
224148077
224147972
224147969
224147948
224147914
224147850
224147580
224147028
224146851
224146756
224146683
224146602
224146314
224145524
224145483
224145340
224145274
224145129
224145003
224144993
224144934
224144918
224144725
224144673
224144303
224144245
224144126
224143797
224143749
224143658
224143333
224143291
224143183
224143091
224142527
224142025
224141588
224140822
224140697
224139408
224139281
224139231
224138922
224138477
224138298
224138257
224137322
224136598
224136584
224136395
224136328
224135900
224135529
224135172
224135087
224134979
224134893
224134734
224134198
224133010
224133008
224132563
224132432
224132383
224132381
224132264
224132121
224132037
224131951
224131928
224131908
224131538
224131357
224131024
224130983
224130659
224130558
224129591
224129421
224129019
224128872
224128193
224128173
224127280
224127112
224127028
224126855
224126795
224126763
224126412
224126095
224125637
224125365
224125154
224123906
224123888
224123502
224123440
224123268
224123259
224123101
224123028
224122264
224122198
224121870
224121578
224121276
224121115
224120899
224120845
224120800
224120680
224120490
224119183
224118836
224118341
224117977
224117366
224116779
224116649
224116152
224116138
224116050
224116038
224116034
224116024
224115680
224115552
224115405
224115399
224115321
224115272
224115252
224115229
224115228
224115200
224115195
224115186
224115068
224114856
224114747
224114738
224114637
224114355
224114283
224114259
224114004
224113794
224113769
224113447
224113247
224113183
224113127
224113074
224112674
224112558
224112411
224112194
224111807
224111667
224111504
224111467
224111369
224111228
224110640
224110562
224109849
224109436
224109259
224108540
224108242
224108055
224107859
224107467
224107376
224107115
224107018
224106591
224106156
224106000
224105870
224105679
224105233
224105048
224104964
224104732
224104615
224104507
224104441
224104428
224104273
224104260
224104257
224104096
224104090
224104084
224104078
224104075
224104047
224103897
224103672
224103589
224103548
224103465
224103459
224103439
224103199
224102889
224102434
224102331
224102251
224101568
224101352
224101188
224101015
224100810
224100796
224100740
224100073
224099980
224099914
224099466
224099297
224099254
224099248
224099216
224099207
224099166
224099152
224099036
224098392
224098337
224097521
224097425
224097073
224096994
224096966
224096874
224096712
224096211
224095848
224095737
224095400
224095338
224095111
224094845
224093954
224093902
224093718
224093605
224093216
224092994
224092442
224092036
224091944
224091610
224091383
224090989
224090900
224090860
224090818
224089794
224089497
224089123
224088861
224088395
224088047
224087995
224087796
224087528
224087192
224087160
224087048
224086618
224085742
224085400
224085371
224085154
224084717
224084682
224084368
224084286
224083764
224083620
224083401
224083391
224083293
224083154
224082642
224082217
224081935
224081913
224081909
224081894
224081852
224081824
224081818
224081789
224081672
224081534
224081513
224081473
224081262
224080099
224079920
224079826
224079305
224078805
224078784
224078592
224078365
224077911
224077814
224077125
224076668
224076575
224076379
224076343
224076120
224076044
224075874
224075619
224075501
224075433
224075398
224075263
224075130
224074792
224074698
224074380
224073776
224073600
224073200
224072573
224072426
224071468
224070407
224070384
224070107
224069941
224069930
224069552
224069507
224069433
224069360
224069230
224068886
224068360
224067805
224067758
224067658
224067505
224067449
224067323
224066688
224066433
224066321
224066063
224065775
224065692
224065213
224065210
224065075
224064499
224064135
224063299
224062182
224061962
224061573
224061452
224061059
224060999
224060748
224060702
224060546
224060520
224060346
224059875
224059618
224059580
224059547
224059147
224059031
224058448
224057855
224057694
224057371
224056558
224056195
224055828
224055636
224055343
224054436
224054410
224054358
224054204
224054044
224053938
224053936
224053710
224053234
224053209
224052828
224052153
224051508
224050482
224050383
224050145
224049886
224049053
224048920
224048906
224048491
224048440
224047794
224047752
224047382
224047327
224047314
224047312
224047175
224046947
224046608
224046353
224046254
224046180
224045514
224045376
224045369
224045262
224044906
224044893
224043863
224043661
224043346
224043040
224042999
224042865
224042497
224042336
224042166
224042132
224041832
224041016
224040492
223589554
223484652
223435719
223420141
223163301
222919641
222498979
222241347
222202643
221777873
221549255
221408253
221240947
221068283
220712310
220698837
220472500
220397278
220273068
220175387
220156174
219933360
219658084
219423702
219049843
218882205
218812989
218606809
218468491
217859372
217513706
217453767
217217652
217094639
216909659
216850032
216824199
216634596
216414593
216332029
216331997
216331626
216274813
216195762
215979335
215972102
215856627
215810754
215806037
215761912
215477855
215365643
215156130
214980016
214739408
214709599
214683341
214642646
214342678
214241158
214164080
213883048
213784858
213587640
213535902
213351175
213246052
213224127
212602937
212127976
210881109
210805093
210774550
210764879
210708633
210687802
210658993
210554364
210548651
210443495
210393028
210322875
210310306
210307206
210304683
210270502
210221609
210193746
209768030
209656819
209623249
209221458
209125148
209074868
209003517
208828652
208711335
208577198
208367992
208364384
208170850
208025465
207832381
207653935
207517298
207410393
207345214
206967661
206423647
205930896
205759311
205650555
205547341
205527649
205320014
205119733
204876556
204761191
204359886
204246743
204246582
204240536
204219655
204210777
204198092
204185559
203556941
203476590
203312306
202889740
202727028
202717868
202651934
202596891
202515054
202240225
202152898
202132698
201961475
201948911
201185441
200821430
200818535
200723810
200477068
200349846
200001627
199881202
199854950
199822714
199759964
199716043
199578196
199456802
199259679
199248050
199234291
199208213
199174497
199058561
198883261
198705015
198624400
198603899
198477796
198465011
198289004
198234085
197806786
197796945
197700200
197596122
197586605
197577157
197562037
197538794
196741154
196504382
196326722
196173962
196108344
196103905
195923950
195913339
195802099
195708168
195657871
195433415
195362945
195262321
195100798
194789152
194756602
194684839
194609836
194571307
194532029
194486936
194368129
194352186
193920563
193775641
193754530
193487221
193348415
193346008
193258831
193104467
193087250
192946670
192898399
192827871
192304728
192236403
192152223
192105744
191972341
191847799
191830548
191710381
191523843
191271906
191174768
191079609
190916215
190608179
190541554
190518987
190383103
190215250
189864115
189437843
189431724
189098365
189071134
188953586
188677355
188475571
188353288
188311294
188220624
188132487
188074319
188013837
187912482
187889811
187413715
187387087
187383343
187206367
186948130
186631528
186574662
186498893
186476414
185568458
185544381
185482669
184800600
184789342
184758029
184689624
184640957
184619062
184603071
184321466
184115069
184014691
183896270
183637922
183494210
183444684
183358878
183328210
183070313
182635421
182560600
182162274
182022780
181713257
181585698
181583827
181583076
181500531
181488666
181407975
181350063
181116850
180862313
180820212
180814137
180782889
180451894
180322971
180136123
180081604
179929733
179869492
179784520
179728489
179718952
179685287
179576873
179343965
178997725
178901346
178848937
178703820
178698299
178492295
178279072
178158578
178120517
178096504
177964072
177403335
177059658
177027080
176714568
176325998
176261036
175716233
175623975
175560776
175534213
175503705
175331946
175292656
175210661
175199077
175160377
175155733
175052906
175038343
174963714
174866574
174818880
174469801
174436239
174290526
174196761
174172830
174168629
174141869
174102704
174053821
173924448
173683898
173652235
173550848
173379591
173054460
173019200
173012691
172848845
172802474
172729510
172565297
172521374
172077835
171757375
171703922
171645430
171399032
171236660
170909008
170786662
170711056
170584229
170570546
170550109
170463927
170412536
170301020
170275108
170180171
170110840
169979291
169865009
169864209
169769399
169602001
169567255
169471440
169375772
169053935
169017313
168714918
168616759
168479191
167965150
167721038
167594800
167582656
167446276
167437565
167334280
166961610
166908822
166359030
166291840
166183751
166155480
166117718
165943117
165939857
165912590
165510408
165441038
165271361
165211990
165171116
165098257
165077613
165047346
165001159
164715117
164667501
164620096
164240858
164113311
163657858
163524580
163521517
162965707
162915927
162757373
162701431
162533601
162264251
162034890
161902474
161437237
161207049
161192050
161188285
160812840
160733637
160616962
160528325
160393989
159826961
159822561
159651965
159647991
159580765
159273710
159155643
158782141
158621048
158592168
158575994
158443895
158408721
158379481
158269311
158231666
158172507
158004996
157995130
157936842
157668626
157581922
157477603
157281161
157258946
157110477
156814560
156255869
156150486
156063463
156046806
156037964
155916462
155810070
155578506
155531168
155519033
155326332
155257361
155230372
155215415
155120020
155115849
155061640
155044607
155025214
154977135
154912260
154903142
154856093
154818034
154777117
154537060
154467970
154440541
154333443
154265325
154231400
154205150
154161003
154155167
154058556
154006159
153984476
153935147
153801941
153733017
153686286
153665060
153647283
153602877
153536827
153520870
153493785
153454755
153422990
153405258
153325598
153276673
153197391
153178557
153164889
153144869
153139836
153136156
153125120
153116784
153108876
153076878
153023483
153017849
153017050
152942372
152932864
152929290
152893175
152883638
152859278
152854732
152803630
152757622
152684863
152670707
152649955
152632622
152458472
152458265
152304936
152240198
152205610
151826298
151797690
151790740
151752357
151710661
151595686
151594522
151351137
151196784
150967571
150479472
150456619
150422474
150375777
150372831
149927619
149912227
149755441
149704766
149648215
149602073
149549677
149519212
149477952
149450597
149145380
149091687
148278416
148127735
147737710
147717793
147572766
147557933
147151158
146894237
146871070
146783248
146724993
146654577
146368831
146317497
146066271
146055968
146052905
145944549
145869515
145675705
145660756
145497110
145340149
145147781
145130040
144807316
144669173
144589414
144464306
144167104
144075651
143640510
143571386
143439463
143055993
142472189
142250995
142229982
141712590
141547981
141428668
141161269
141069894
140977272
140590841
140462726
140296390
140275441
140087997
139676279
139675382
139517377
139029152
138853437
138431092
138112882
137873841
137580415
137451093
137256019
136957700
136829337
136721788
136195268
135926009
135778545
135713761
135641106
135489532
135408872
135369464
135221183
134997186
134690178
134685988
134451970
134440122
134336462
134272205
134075386
133912628
133614566
132755172
132708590
132496455
132373523
131762002
131739621
131733905
131704353
131393138
131379862
131367537
131332667
131207629
131193484
131147639
130956984
130921234
130810811
130775459
130750162
130653685
130435563
130366221
130361748
130074156
130011782
129902165
129880852
129674300
129608880
129514818
129437394
129362792
129308516
129288895
129214966
129048555
128825773
128721387
128666698
128583156
128453405
128384689
128340183
128011887
127853196
127780811
127766262
127718931
127547522
127327628
127300180
126947166
126927348
126805558
126756874
126704547
126680759
126617678
126535895
126452342
126183420
125963101
125952752
125697894
125598222
125547163
125507538
125397503
125355499
125328025
124962007
124854592
124768659
124743857
124638531
124636271
124603984
124588193
124540435
124536821
124530409
124511628
124289253
124199322
123993240
123936679
123877627
123749192
123735243
123652259
123534151
123391831
123369557
123300437
122989689
122893929
122819174
122778912
122657169
122533660
122515785
122433004
122407497
122205653
122100203
122080918
121854985
121725544
121722253
121512231
121416121
121260696
121249108
121201412
120833430
120750112
120622768
120452686
120451706
120399778
120371270
120195275
120160780
119727446
119723496
119630070
119601212
119562724
119205773
119157113
119130757
118995769
118903193
118716917
118699220
118683638
118673134
118604310
118303555
118243489
118185232
118179702
118063369
118024000
118012163
118011798
117850022
117800076
117759371
117645715
117595482
117544127
117516262
117489013
117398706
117325915
117279151
117192246
117144645
117118194
117116252
117096756
117029312
116959569
116932967
116912536
116902470
116892513
116880354
116867778
116840060
116831833
116826672
116816817
116813045
116808715
116804806
116803464
116781715
116777961
116775202
116764974
116763611
116754976
116751384
116744820
116738566
116737723
116728259
116685200
116631034
116561487
116518223
116499333
116447722
116421888
116387782
116345442
116333495
116310041
116256250
116243151
116081944
116029331
115963033
115816993
115605219
115565270
115486942
115252830
115145620
115111586
114745867
114585211
114429876
114404455
113984466
113829025
113605660
113276015
113097482
113065828
112934235
112679446
112621020
112591625
112467216
112371954
112241708
112094225
112027014
111926332
111750808
111451341
111229234
111144639
110894522
110560449
110478941
110372303
110299178
109445386
109200731
109180980
109058502
108979558
108926185
108878937
108783868
108550408
108060833
107931888
107844469
107811319
107724608
107717542
107603854
107442711
107239028
107208685
107098413
106942934
106898153
106700522
106677726
106666927
106333510
106299134
106283451
106264793
106179871
106169777
105999588
105380842
105360332
105236212
105183783
105177197
105057186
105011031
104873058
104666966
104629539
103822969
103759201
103747634
103463536
103411933
103406528
103329904
103175869
102399101
102368300
102330091
102144572
101879817
101868454
101810322
101792385
101765866
101756046
101636980
101437256
101341006
101275356
100752694
100401152
100315751
100278182
100251622
100183838
100152605
100112071
100058511
100020949
100014489
99824371
99774286
99759109
99651730
99540955
99328167
99241397
99202032
99144345
99143318
99026150
98991816
98758817
98345813
98144562
98089959
98071021
97971001
97959394
97913604
97868668
97865465
97853661
97853438
97799022
97780182
97747349
97731560
97717237
97631495
97585780
97581289
97562678
97330860
97271472
97221759
97213772
97062632
97030071
96848934
96810750
96695349
96430425
96301799
96199581
96154168
95844098
95450650
95360191
95148940
94920457
94821142
94787985
94766336
94698979
94684837
94258334
94052043
94045965
93949087
93900300
93879901
93842942
93838357
93835717
93817861
93803479
93801205
93770432
93768715
93764624
93754813
93742551
93728273
93655111
93534655
93428269
93264039
93250367
93179587
93172182
93125487
93070151
92876447
92676988
92578413
92560075
92541972
92537893
92447387
92423142
91983285
91810488
91779117
91744920
91686076
91676201
91665737
91011382
90912629
90233862
90216294
89974117
89332340
89321143
89092388
89059499
88835235
88822029
88774173
88765801
88686369
88495323
88384946
88319880
88270607
88029134
87756147
87662150
87572582
87470030
87332341
87253603
87231672
87118090
87112380
87062310
87054150
87012452
86989822
86941336
86868975
86627918
86573013
86443497
86442999
86405232
86300284
86256252
85899927
85818567
85714618
85473863
85463051
85326928
85219774
85112252
85094568
84791724
84622674
84434793
84124994
84052223
83812675
83786802
83529593
83476275
83424285
83048928
83034056
82995281
82947528
82824022
82719284
82598527
82585777
82327383
82196640
81976234
81967089
81830134
81802005
81593521
81539287
81315903
81216397
81185188
81178976
81111043
81104848
81102389
80955576
80733232
80549742
80283599
80232164
80201981
80155733
80113295
80029581
79972696
79923440
79893110
79679071
79220626
79187300
79132847
79107517
79039859
78987311
78840125
78678861
78630653
78490615
78463637
78450235
78373107
78347122
78325115
78187519
78159830
78130869
78053952
77962691
77845375
77767144
77734153
77648270
77597747
77486147
77416911
77234549
77222974
77008889
76953037
76912216
76805169
76743453
76704417
76419443
76384038
76283841
76275296
76269346
76245040
76241889
76031712
76022878
75976199
75740825
75345207
75228715
75206670
75072668
74846198
74805352
74801441
74570605
74536984
74280714
74077857
73902239
73890478
73503883
73443661
73181976
73087969
73063914
72380020
72343729
72234042
72119101
71738114
71434876
71283666
71196632
71177033
71154411
71030042
71006014
70718565
70689342
70312176
70103300
69967136
69965673
69700796
69388953
69356189
69187382
69126988
68971532
68957528
68945385
68222573
67801486
66553695
66467848
66209218
66077532
65957882
65950953
65533538
65337727
64999953
64953158
64851711
64826241
64638619
64633170
63940688
63870859
63713644
63353727
63100125
62916581
62451192
62444982
61921440
61906556
61690600
60952443
60835099
60786749
60670282
60573044
60118982
60082320
59979424
59751543
59743259
59442318
59156327
58764371
58572042
58571345
58268511
57552958
57486480
57472107
57436176
56727391
56710632
56318866
56187150
56087361
55583892
55506070
55500990
55381390
55155044
55031762
54653318
54628659
54523342
54367043
54154023
54152007
54135836
54121223
54016645
53499731
53488076
53446757
53386910
53324757
53251005
53231270
52973627
52973076
52966298
52773075
52704875
52700460
52485783
52052530
51879269
51694817
51640111
50697722
50105781
50095882
50022406
49984706
49703544
49421383
49390999
48522423
48275010
48214693
47472953
47333655
47273388
47224973
47063448
46775347
46415172
46071797
45968274
45482560
45418073
45367707
45302639
45013670
44961190
44702905
44265829
44257213
43561662
43265671
43125598
42204407
42188553
42144380
42047943
42027167
41792075
41751282
40480363
40107160
40001664
39887691
39860118
39314586
38866844
38753190
38708320
38553049
38411704
38393358
38320603
38049264
37831385
37681768
37553407
37511069
37341562
37315763
37142467
37098370
36645026
36322019
36224439
36118671
35801919
35742259
35739174
35649607
35590120
35448676
35261983
35129238
34705905
34654474
34612787
34548550
34537539
34276810
34275379
34198759
34187061
34170602
34114313
34002481
33966298
33850702
33801897
33775167
33610791
33523994
33508155
33489937
33477571
33411495
33187533
33091048
33046184
33000959
32777765
32590260
32320720
32282933
32194582
32180037
32012254
31989383
31944786
31929067
31792557
31686335
31511980
31454341
31236800
31186429
30737831
30736451
30498826
30343018
30235435
30222297
30159406
30146921
29973598
29876407
29821410
28967720
28734662
28593987
28526837
28131698
27895132
27797609
27762032
27530124
27323435
27223819
27159006
27039331
26847844
26796608
26194135
26104031
25880689
25587248
25527476
25354489
25099464
25090160
24992931
24932303
24804241
24129753
24043752
23949059
23889483
23795524
22865641
22670777
22443031
21920649
21807870
21758614
21742927
21534639
21437441
21021695
20967517
20753109
20349732
19364798
18920028
18615022
18472412
18201802
17964284
17402392
17336089
17328841
17149466
16887735
16233025
16192455
15894423
15879373
15801247
15603184
15343785
15316785
14813389
14654980
14574774
14491456
14404000
14035153
13638531
13580022
13301452
12838099
12597780
12473351
12155741
12013865
11875352
11778054
11272326
10895494
10546025
10511747
10498722
10198299
10164329
10159677
10105056
9984664
9539446
9395287
9263308
9191833
9132469
8962092
8939220
8789977
8531967
8381892
8331741
8114343
8044738
7978993
7721285
7634114
7497068
7480432
6952244
6337015
6209645
6123537
6100176
4786883
4756337
4620516
4618323
4608233
4438843
4427181
4165572
3889152
3401910
3319157
2982850
2873910
2672100
2553463
2340546
2153794
1720245
1337977
1328798
1238907
1238750
1238718
1238229
1237327
1236826
1236588
1234971
1234193
1234081
1234009
1233227
1232583
1232365
1232104
1231872
1231723
1231721
1231302
1230566
1230273
1230148
1229425
1228677
1228128
1227996
1226941
1226621
1226367
1225767
1225566
1225077
1225026
1224927
1224759
1224616
1224457
1224237
1222852
1222802
1222299
1222138
1221938
1220868
1220599
1220325
1220284
1220279
1219779
1219652
1219495
1219368
1219098
1218869
1218779
1218075
1218030
1217549
1217535
1217188
1216853
1216766
1216758
1216643
1216554
1215337
1214020
1214007
1213691
1212457
1211191
1211137
1211044
1210825
1209059
1206977
1206040
1205183
1204683
1204607
1204487
1204025
1202530
1201762
1199346
1199295
1198948
1198482
1198109
1197529
1195725
1195632
1194127
1194011
1193795
1193741
1193713
1192669
1191768
1191162
1191138
1191069
1190782
1189929
1189450
1189340
1188393
1188322
1186519
1186096
1185967
1184199
1183720
1183595
1182814
1181981
1181945
1181888
1181731
1181111
1180910
1180855
1180494
1180479
1180469
1180456
1180288
1180251
1179193
1178948
1178942
1178489
1178432
1177486
1177024
1176704
1176109
1175237
1175162
1174995
1174241
1174186
1173890
1173659
1173035
1173014
1172877
1172852
1172775
1172642
1172404
1171803
1171090
1170827
1170537
1170464
1170286
1169899
1168438
1167948
1167624
1167264
1166271
1166265
1165793
1164533
1164260
1164226
1163922
1163664
1163241
1162734
1162686
1162471
1162386
1162084
1161710
1161679
1161666
1161137
1161015
1160827
1160166
1158944
1157728
1157425
1157378
1157259
1156795
1155954
1155639
1154311
1154185
1153918
1152659
1152475
1152154
1151869
1150397
1149896
1149207
1148622
1148448
1147557
1147360
1146966
1146653
1146626
1145806
1145564
1145478
1145100
1144301
1144026
1143731
1143686
1142485
1142465
1141232
1140823
1140739
1139817
1139704
1139127
1138856
1138827
1138177
1137880
1134867
1134531
1134187
1134073
1133837
1133028
1132963
1132503
1131943
1131579
1130675
1130667
1130045
1129433
1129222
1128982
1127959
1125798
1125071
1124882
1124040
1123816
1123514
1123153
1122717
1122230
1121465
1121277
1120800
1120056
1119985
1119344
1119083
1118553
1118194
1117080
1116043
1114446
1113461
1113363
1113303
1111851
1111514
1110892
1110688
1110561
1110327
1110292
1109986
1108461
1108307
1108012
1106597
1106441
1106402
1106145
1105821
1105478
1104477
1104372
1104273
1103830
1103373
1101818
1101794
1101715
1101276
1100450
1100114
1099210
1098372
1098140
1097796
1097717
1097231
1096903
1096705
1095298
1094656
1094572
1094465
1093984
1093217
1092285
1091876
1090604
1089943
1089331
1089109
1088830
1088241
1086794
1086210
1085968
1085646
1085336
1085184
1082487
1081956
1081323
1080504
1078519
1077976
1077696
1077588
1077155
1075835
1075829
1074926
1074357
1074115
1073476
1072933
1072697
1072108
1072050
1071407
1071376
1070426
1070352
1069946
1068804
1068506
1068032
1067141
1066562
1063580
1062713
1062143
1061504
1061417
1060128
1059965
1059734
1059573
1059296
1057659
1056948
1056193
1056104
1056068
1055977
1055650
1055164
1055089
1054970
1054842
1054797
1054489
1052257
1052068
1051942
1051858
1051782
1051451
1051425
1051229
1051201
1050847
1050697
1050663
1050138
1048785
1048678
1048547
1047636
1047575
1047422
1047251
1047027
1046994
1045341
1044716
1044462
1044071
1043884
1043121
1042900
1042544
1042437
1042434
1041219
1040861
1040707
1040614
1040287
1040228
1040017
1038956
1038875
1038550
1038389
1036767
1036758
1036650
1036236
1035485
1035248
1034972
1034852
1034809
1034540
1034424
1034288
1032022
1031177
1031007
1030704
1030421
1030311
1028862
1028844
1028822
1027711
1027615
1027310
1026817
1026471
1025273
1025203
1025141
1024698
1024630
1024157
1024138
1024119
1024058
1023917
1023161
1023073
1022977
1021899
1021603
1021597
1021340
1020533
1020115
1019917
1018382
1018058
1017649
1017494
1017396
1016674
1016094
1015350
1015272
1015143
1014817
1014400
1014187
1013614
1013437
1012772
1012736
1012187
1012119
1011290
1011227
1011214
1010702
1010686
1010648
1010240
1010083
1009514
1009512
1009062
1008858
1008411
1005616
1005512
1005164
1004436
1004389
1004290
1003698
1003430
1003353
1003011
1002047
1001856
1001074
1000964
998798
998678
997935
996991
996629
996123
994553
994318
993005
992609
992601
991928
991284
991113
990996
989820
988503
988223
987609
987522
986958
986141
985951
985692
985544
985400
985384
985195
985186
984895
984419
984219
983786
983414
982078
981751
981595
980947
979424
978202
977886
977819
977527
977219
976662
976012
975607
975425
975042
974533
973468
973185
973108
972785
972064
971976
971891
971842
971660
971376
971149
970404
970037
969038
967981
966399
966068
965920
965827
965356
965295
965068
965063
964336
963916
963722
963448
962826
962440
961620
961545
961363
961148
960844
960634
959614
959122
958701
955814
954784
953810
952896
952468
951816
949994
949593
949122
949025
948784
948243
947839
947667
946790
946381
945983
945654
945238
944793
944610
944451
944021
943981
943884
943721
943599
943525
943518
942643
942457
942178
941803
941722
940810
940667
939245
939057
938899
938711
938354
938024
934625
934571
933750
933124
931844
931325
930785
929158
929143
928342
928284
928138
927216
927066
926451
925103
924808
923847
923179
922383
921125
920660
919741
919230
918273
917833
917751
916460
914804
912699
912316
911447
909089
908725
907961
907540
905760
904335
903788
902587
901382
901042
900588
900290
900140
899749
899652
899567
899220
899062
897450
896392
896146
895291
894376
894279
893866
893774
893037
893006
892493
892281
891894
891049
890954
890653
890603
890404
889131
888922
887955
886579
885896
884157
884140
883846
883127
882815
882514
882337
880251
879308
878726
878372
878123
878103
877909
876944
876901
876610
875762
875598
875169
874391
873792
872170
871716
871594
871403
870705
870314
870002
869964
869326
868333
868099
866395
866343
865485
865271
865247
863019
862916
862265
862214
862121
861914
861497
861360
860976
860908
860879
860654
860645
860620
860187
858999
858400
858187
857708
856193
856038
854940
854090
853117
852781
852230
851828
851395
850937
850359
850155
849945
849410
848885
848577
848213
848167
847615
847209
847093
846548
846011
845845
845288
844031
843907
843532
843449
841845
840669
839334
839151
838837
838299
838031
837386
836991
836751
836229
836016
835889
834945
834561
834147
833801
833003
832983
832550
831321
831057
830834
830800
830505
830084
829964
829690
827751
827692
827533
827438
827412
826786
826607
826193
826027
825979
825842
825691
824982
824941
824862
824673
824455
824326
824290
824050
824015
822534
822364
822011
821915
820625
820009
818984
818746
818277
818216
817884
817076
817070
816658
816135
813800
813742
812237
811603
811472
810281
809338
808627
808576
808332
808119
807990
807798
806207
805952
805500
805141
804847
804740
804670
803955
803590
803498
803143
803135
802697
801776
801702
801687
801442
800854
800568
800259
799870
798931
798054
798007
797999
796404
796377
796301
796067
796050
796014
795996
795484
794927
794482
793974
792960
792639
792317
792003
791573
791181
791071
790756
790263
790247
790240
790214
790004
789814
789556
788973
788435
787681
786118
785933
785792
785530
785145
784446
780887
777227
777115
776598
772938
771965
771295
771257
771199
771147
770930
769447
769120
768718
768525
767911
767882
767404
767162
766989
766988
766905
766809
766777
766336
766256
766248
766094
766033
765902
765800
765784
765593
765521
765508
765378
765355
765322
765317
765207
765095
765070
764599
764434
764297
764240
764198
764162
763987
763892
763863
763830
763815
763771
763714
763681
763526
763502
763342
763317
763295
763091
762947
762899
762898
762860
762857
762783
762775
762754
762753
762748
762743
762714
762705
762699
762690
762680
762678
762671
762669
762665
762644
762634
762587
762555
762544
762524
762497
762496
762494
762445
762431
762410
762408
762385
762341
762328
762295
762166
762058
762017
762004
761940
761813
761676
761646
761631
761547
761447
761313
761060
761017
760796
760792
760630
760591
760568
760520
760430
760380
760331
760280
760266
760201
760189
760179
760168
760146
760054
759904
759760
759692
759691
759665
759561
759535
759031
758961
758741
758675
758121
758115
757832
757795
757776
757681
757645
757631
756991
756895
755942
755903
755708
755602
755375
755319
755200
755185
755033
754679
754544
754495
754488
754384
754284
754273
754240
754216
754184
754129
754103
754074
753967
753936
753876
753726
753455
753345
753344
752979
751360
750649
750523
750188
749700
748981
748914
748680
748630
748581
748552
747560
747159
747061
746990
745517
745445
745352
745187
745176
744799
743967
743954
743862
743767
743731
743725
743670
743642
743619
743534
743511
743428
743292
743264
743074
742997
742977
742955
742705
742426
742418
742384
742143
742003
741871
741789
741283
741238
741165
740615
739972
739593
739338
738946
738608
738485
738241
737984
737593
737566
736654
736648
735868
735852
735058
734838
734770
734705
734699
734524
734284
733056
732466
732198
731902
731900
731241
730793
730130
729898
729342
728794
728516
728069
728027
727554
727460
727057
726740
726232
726112
725956
725086
724901
724508
724452
724072
723612
723349
723197
723177
722925
722613
722200
721877
721868
721653
721322
721304
721245
721078
720434
719803
719407
719192
718449
718370
717943
717731
717590
717566
717521
717462
717437
717396
715363
715229
714664
714492
714362
714247
714064
713461
712588
711401
711338
711337
711037
710304
710205
710185
709165
708683
708666
707850
705920
705293
705012
704911
704333
704238
704045
704019
703973
702724
702429
702162
701872
701481
701066
700936
700907
700727
700477
700273
699289
698993
698629
698326
698120
697894
697553
696999
696535
696467
694595
694136
694077
693158
692197
692033
691874
691815
691803
691761
691723
691573
691514
691362
691054
691034
691003
690993
690932
690856
690842
690631
690608
690466
690387
690157
689890
689702
689529
689441
689371
689350
689156
688903
688693
688689
688540
688267
688041
687705
687559
687435
686648
686547
686253
685440
685307
685214
684879
684486
684385
684279
683608
683157
682803
682696
681367
681320
681178
680910
680719
680639
680555
680063
680021
679747
679573
679432
679228
678888
678530
678049
677660
677556
677533
677519
677500
677379
677288
677145
676726
675999
675601
675277
674457
674342
673562
673371
672584
672457
672156
672069
671998
671578
671243
671039
670500
669656
669596
669173
668691
668303
665150
663318
663302
663139
663078
663027
662971
661746
661377
661337
659429
659402
659396
659269
659246
659087
658332
656893
656265
655975
655834
654955
654845
654598
654331
654207
653901
652914
652830
652500
651562
651486
651386
650129
650119
649858
649812
649123
648786
648464
648442
648146
648040
647627
646820
645684
645629
645208
645020
644954
644763
644649
644519
644302
644137
643549
643132
642746
642114
641984
641274
641110
640576
640471
639793
639436
638836
638768
637135
636699
636028
636027
635791
635633
635552
635524
635484
635340
634965
634411
634114
632756
632404
631742
631698
631638
631506
630442
630431
630262
630209
629906
629396
628875
628761
628732
628588
627988
627217
625519
624921
623757
623687
623514
623435
623236
623106
622962
622504
622492
622324
621603
621483
621431
621125
620977
620915
620402
620143
619882
619796
619368
618995
618822
618485
618302
617615
617368
617355
617281
617276
617137
616659
616336
614983
614621
614306
614192
614191
614011
613669
611735
611475
611277
611089
610816
610648
609211
608876
608204
607728
607698
607623
607544
607229
606696
606677
604187
603655
602540
602338
602313
601663
600412
599738
598278
596990
595743
595659
595434
594662
594608
593954
593945
593697
593613
593331
593007
593006
592956
592177
591601
591166
590822
589257
589192
589039
588367
587977
587852
587520
586678
586332
586092
585708
585329
585018
584397
584305
583790
583713
583620
583456
583303
581332
580939
580018
579934
579583
578358
578235
577069
575670
575130
575082
575008
573981
573903
573260
572650
572461
572417
571969
571810
571512
571487
571244
571209
571157
570950
570855
570307
570198
569100
569099
569035
569017
568594
567239
566706
566569
565524
564669
564642
564438
563918
563772
562860
561885
561472
561224
561035
559693
559596
559467
559184
556298
555418
555104
554921
554620
554403
554168
553993
553897
553794
553216
552023
551335
551224
551015
550860
550575
550382
550181
550071
549435
548478
547642
547405
547205
545390
545222
544993
544371
543170
542619
541726
541480
541474
541337
540891
540832
539821
539308
539139
539059
538876
538678
538673
538509
538477
536636
536321
536073
535915
535749
535687
535399
534177
533413
532995
532863
532849
531979
531919
531812
531529
530896
530354
530006
529798
529570
529496
529440
528502
527548
527536
527446
527113
526735
526694
526652
526461
526451
526093
525286
525260
525154
524669
524348
524016
523975
523914
523862
523513
521646
520606
520512
519890
519239
519099
517683
517550
516354
516077
515977
515118
513778
513489
512598
510360
510056
509704
508691
508570
508279
507827
507691
507657
507079
507073
506978
506934
506832
506765
506724
506706
506361
505852
505024
504739
504621
504132
504013
503995
503892
503818
503752
503714
503687
503491
502779
502484
501845
500932
500836
500551
499205
498886
498782
497944
496516
495329
495069
494071
493817
493395
493307
493284
493178
492838
492698
492535
492242
492179
491108
490854
490499
490475
490378
490337
490046
489952
489699
487389
487259
487138
487041
486515
486312
485833
484898
484622
484081
484010
483925
483469
483108
481898
481431
481221
481140
481021
480513
479693
479644
478887
478791
478769
478644
477738
477013
476396
475477
474621
473539
473310
471992
471576
471452
471426
471306
470500
470451
469496
469021
468970
468705
468685
467810
467276
466007
465762
465119
464950
464371
463536
463535
463276
462799
462637
462506
462361
462262
462111
462010
461356
461262
460679
460669
460659
460475
460372
459934
459309
459250
458994
458323
457883
456570
455928
455150
455112
454902
453879
453603
453240
453004
452887
451759
451003
450133
449445
448569
447919
447236
447211
447121
447044
446905
446249
445864
444640
444221
443958
443536
443482
443438
443260
442408
441719
441594
441085
440975
440408
439707
439686
439543
436401
436301
435988
435422
435121
435061
434697
434147
433814
432849
432686
432238
431884
431247
429836
429583
429143
428375
426632
426316
426169
426012
425977
425962
425787
425612
425338
425307
425025
423473
423347
423273
422832
422032
421690
421593
421130
420836
420814
420696
420436
419940
419537
418828
418659
418646
418633
418376
417743
417674
417454
417059
417038
416920
416765
415818
415657
415651
414848
414656
414609
414480
413451
412768
412589
411443
410931
410710
410709
410407
410144
409920
409695
409329
408598
408546
408164
408127
407974
407756
407599
407458
407296
407084
407061
406561
406398
406198
405952
405609
405398
405283
405031
403785
403735
403557
403197
402955
402279
402219
402064
401065
401018
400771
400688
400396
400393
400200
399545
398818
398693
398183
397994
397042
396861
396699
396648
396610
396324
396099
396064
395994
395527
395400
395345
395261
394894
394574
394572
394395
394220
394066
394025
393722
393401
393058
392485
392366
392273
392203
392117
392074
391467
391251
390369
390138
389993
389615
388729
388119
387843
387680
387581
386967
386953
386398
386230
386017
385695
385672
385352
384989
384881
384763
384412
384208
384132
383584
383342
383259
383170
383124
382945
382895
382178
382049
381477
381221
381069
380699
380630
380254
380133
379763
379305
378276
378086
378002
377924
377688
377595
377353
376967
376945
376845
376415
376406
375654
375475
375383
375359
375190
375107
374812
374789
374537
373600
373426
373406
372768
372574
372403
372071
372064
371740
371723
371126
371112
370902
370811
370714
370663
370320
370274
370104
369811
369707
369592
369492
368740
368718
368446
368437
368338
368282
368250
368189
368163
368128
367715
367657
367530
367478
367306
367057
366954
366949
366911
366880
366833
366485
365856
365809
365719
365601
365238
364805
364600
364288
363958
363880
363714
363664
363643
363565
362937
362682
362610
362297
361689
361605
361198
361119
361003
360717
360476
360250
360235
359920
359193
358745
358645
358542
358282
358121
357892
357576
357505
357064
356717
355932
354789
354718
354322
353846
353508
353425
352558
352511
352379
351953
351800
351748
351493
351333
350860
350791
349411
348917
348905
348827
348758
348603
348598
348542
348198
348173
347663
347244
346757
346705
346469
345811
345621
345388
344970
344883
344804
344714
344594
344187
343085
340884
340824
339570
339460
339282
338490
338233
338150
337864
337782
337361
336641
336348
336327
336123
336121
335593
335360
334562
334473
334047
333429
332840
331397
331348
329548
329313
328208
327918
327395
327363
327362
327292
327079
326781
326338
325934
325028
324684
324440
324141
323960
323793
323113
322907
321749
321643
321546
321050
320841
320744
319961
319751
319696
319426
319211
318919
318850
318779
318708
318617
318589
317595
317564
317306
316804
315453
315426
315320
315159
315103
314753
314721
313949
313183
312768
312751
312707
311693
311395
311233
311045
310789
310354
310145
310039
309218
309158
308904
308883
308459
307858
307448
307429
306815
306798
306560
306062
305787
305587
304965
304785
304081
303454
302999
302919
302770
302723
302678
302203
302017
301763
301702
301406
301244
301235
300992
300972
300789
300353
300320
300025
299703
299680
299649
299381
298989
298922
298433
298415
298233
298217
298059
297840
297824
297596
296156
295990
295912
295729
295658
295527
295447
294878
294784
294738
294710
294689
294686
294636
294458
294441
293733
293444
292646
292209
292177
292115
291938
291424
291404
291398
291071
290566
290425
290193
290105
289804
289695
289125
288636
288600
287390
287221
286908
286548
286432
286031
286016
286004
285914
285687
284274
283972
283635
283497
283023
282932
282878
282843
280998
280765
280528
280139
280036
279878
279755
279716
279465
278990
278761
278393
278296
278271
277933
277547
276844
276762
276662
276097
275982
275709
275580
275546
275498
275391
274703
274549
274431
274303
274270
273960
273882
273467
273131
272571
272423
272174
272086
271177
270226
269624
268952
268649
268229
267609
267279
266780
266759
266478
266189
265867
265242
264899
264791
264543
264478
264211
263979
263782
263131
263082
263047
262983
262851
262634
262562
262509
262457
262055
262044
261264
261049
260422
260012
259943
259771
259656
259482
259389
259237
258772
258695
258105
258070
257929
256581
256097
256012
255985
255190
254920
254592
254589
254237
254060
253645
253050
252945
252831
252740
252725
252020
251662
251552
251514
251352
251284
251080
250509
250380
250265
250237
249944
249771
249698
249035
248522
247951
247692
247552
247461
247047
246547
246151
246118
246060
246056
245708
245520
244945
244446
244322
244188
244120
243927
243763
243604
243175
242815
242723
242481
242465
242294
241795
241755
241728
241294
240606
240547
240404
240375
240138
240125
240069
239898
239854
239570
238924
238898
238650
237854
237640
237439
237383
237177
236981
236978
236946
236697
236522
236295
235780
235508
234730
234627
234617
234586
234071
233823
233783
233575
233237
233200
232940
232911
232774
232739
232571
232522
231948
231821
231813
230723
230626
230172
229869
229330
229224
229086
228857
228809
228385
228007
227699
227545
227509
227334
226968
226833
226747
226531
226410
225909
225825
224737
224438
224244
223900
223123
222585
222436
222292
222235
221869
221826
221295
221041
220762
219763
219073
219019
218878
218299
218294
218167
218066
218064
217805
217765
217635
217519
217326
217299
216575
215929
215267
214589
213667
213446
213191
212472
212250
212166
212086
211801
211513
211449
211358
211312
210841
210405
210236
210213
208689
208592
208339
208177
207746
207520
207337
206580
206569
206527
205523
205440
205324
205103
204945
204837
204391
204212
204039
204024
203808
203369
203103
203027
202602
201942
201565
200677
200661
200464
200228
200174
198869
198565
198180
198089
197901
197672
197661
197528
197109
197018
196438
196070
195674
195435
195431
195344
195342
195329
195253
195091
194740
194268
193917
192895
192445
192342
191880
191824
191795
190851
190787
190752
190533
190482
190427
190322
190284
190218
190079
189992
189984
189976
189970
189905
189895
189471
189434
189354
188998
188600
188547
188484
188460
188363
188288
188041
187976
187966
187963
187948
164467
158098
157596
157465
145659
113203
110775
109808
106597
106299
103821
102529
100157
99857
98380
92832
88626
81791
70319
66693
56551
53543
49290
46323
38619
37509
35901
32601
27716
25514
25383
25291
25285
25190
25151
25135
25133
25025
24950
24941
24934
24928
24918
24841
24840
24839
24837
24836
24833
24827
24816
24760
24730
24521
24519
24491
24412
24375
24222
24161
24066
24065
24056
24013
23985
23983
23975
23974
23950
23927
23913
23755
23728
23692
23675
23593
23494
23479
23343
23293
23269
23267
23265
23264
23169
23123
23095
23053
23050
23027
23019
22992
22890
22872
22739
22563
22555
22470
22452
22394
22389
22387
22369
22296
22248
22246
22245
22243
22242
22238
22236
22210
22196
17276
15975
