224356728
224356724
224356548
224356379
224356090
224355806
224355666
224355345
224354493
224353011
224352295
224349636
224349280
224348509
224347036
224347003
224346276
224346268
224345412
224344167
224343823
224343330
224343153
224342569
224342496
224342317
224342084
224339925
224338416
224338143
224338114
224337733
224337726
224337257
224336880
224335762
224335015
224334582
224334154
224333057
224333002
224332682
224332654
224331788
224331368
224331041
224330786
224330704
224330620
224330152
224329970
224328790
224328126
224327389
224327170
224326549
224326542
224326216
224325847
224325474
224315102
224314655
224314592
224314313
224313638
224313533
224313154
224312572
224311155
224311046
224310822
224310395
224309097
224308952
224308951
224308547
224307549
224307353
224307211
224306196
224305814
224305697
224305384
224305367
224305276
224304762
224304699
224304698
224304641
224303044
224302656
224302578
224302540
224301882
224301814
224300599
224299316
224299170
224299107
224298448
224297891
224297881
224297717
224297082
224296822
224296753
224296532
224295654
224295485
224295089
224294402
224293276
224292718
224291855
224290921
224290525
224290298
224290137
224289968
224289319
224287195
224286887
224286106
224285300
224284367
224283032
224282723
224282295
224281243
224280880
224279156
224278094
224276772
224275607
224275508
224273315
224272747
224272110
224268104
224266174
224266095
224265924
224265239
224265099
224262925
224262866
224261151
224260486
224259091
224258460
224257451
224256334
224256157
224255354
224254461
224253949
224253801
224253621
224253137
224252654
224252642
224251725
224250764
224249711
224246327
224246202
224246116
224245453
224245325
224243043
224242792
224242399
224242145
224242108
224241826
224239631
224239576
224239518
224239107
224239085
224238679
224238480
224237906
224237608
224237337
224236439
224235995
224235008
224234637
224233925
224233911
224233126
224232987
224231977
224231878
224229746
224229525
224229342
224229237
224229043
224228325
224226861
224225942
224224421
224224372
224223811
224223544
224222377
224221779
224220854
224220845
224220335
224220002
224219737
224219677
224219000
224217872
224217678
224217586
224216874
224215265
224214979
224214692
224214231
224212972
224212604
224212422
224211866
224210258
224210152
224210125
224209928
224208446
224207880
224207679
224207678
224207288
224206294
224206272
224206165
224205042
224204631
224202743
224202695
224201952
224201386
224201354
224201122
224200973
224200889
224200198
224199673
224198581
224197670
224197271
224197150
224197008
224196992
224196891
224196517
224196402
224195948
224193964
224193108
224193026
224191743
224191251
224190768
224190230
224189537
224188801
224187983
224187579
224186297
224184435
224184157
224184117
224184086
224183877
224183523
224183088
224182756
224181985
224181905
224181808
224181563
224180327
224179667
224178866
224178294
224178267
224178031
224176280
224175977
224175424
224174937
224174188
224172685
224172566
224171866
224171492
224170496
224170302
224169794
224166698
224165643
224165434
224165293
224165083
224164328
224164035
224164001
224162734
224161810
224160516
224160239
224156254
224156195
224155747
224155739
224155283
224153789
224153054
224150037
224149185
224148180
224147620
224147365
224146712
224145756
224144997
224144979
224144471
224143968
224142068
224141674
224141166
224140836
224140498
224139169
224138590
224138369
224138268
224137547
224136370
224134110
224133884
224133395
224132281
224131918
224131192
224130530
224129846
224129266
224129122
224128227
224126974
224125547
224122650
224120579
224120253
224120163
224119790
224119348
224117885
224115954
224115386
224115286
224115218
224114595
224114264
224113545
224113402
224113302
224112862
224112851
224111432
224111124
224110664
224110367
224110112
224109599
224109427
224109417
224108986
224107702
224106698
224106389
224105808
224102601
224102562
224102326
224101575
224101487
224100335
224099821
224099273
224098920
224098555
224098184
224096565
224095731
224095412
224094962
224094908
224094867
224093811
224093638
224092005
224090534
224090346
224089942
224088549
224087888
224086917
224084971
224082868
224082696
224082632
224082436
224081896
224081858
224079583
224076578
224075334
224074910
224074592
224073564
224071653
224071259
224069771
224069165
224067241
224067105
224065759
224064207
224063055
224062920
224062124
224062002
224061605
224061088
224060182
224059778
224059619
224059553
224057747
224055975
224054142
224053723
224052166
224051860
224051818
224051336
224050947
224050881
224050660
224048869
224048153
224047772
224047035
224045958
224045243
224043520
224043467
223480241
223424353
223417654
222869688
222810193
222255498
222122404
222098824
222076717
222043715
221918260
221735384
221423893
221206059
221102068
220985768
220638293
220539940
220120365
219610034
219470441
219172091
219150632
218877731
218675789
218485440
217792025
217144845
217130620
216749827
216019178
215915314
214966315
214807776
214709024
214332437
214060523
213889745
213838230
211496747
210998597
210509309
210475834
209914767
209896244
209870584
209561568
208916617
208690526
208667703
208524648
206962402
206718747
206148839
206040684
205982860
205789979
205572331
205567425
205519191
205210316
205153290
204809725
203652577
203495209
202759054
202421491
202200005
201384235
201047290
200846616
200635229
200592996
200537922
200298989
199901189
199005792
198633183
198609094
198364156
197982492
197867974
197359785
197192163
196722043
196236921
195581061
195316388
195154959
193986384
193393548
192639640
192431639
192346477
191240672
191142554
190576586
190264825
189792798
189619228
189601196
189478875
188976832
188956540
188914767
188807078
188781572
188568821
188399940
188076445
188055132
187921406
187713542
186623819
185742978
185202638
185092351
184314138
183966604
183947473
183526078
183422623
182746195
182378552
182374341
182352381
182044430
181566520
181430286
181305921
180614261
180519355
180200898
179798459
179581755
179408245
179304852
179246175
179242044
178468564
178405831
178255118
178237493
178134381
177790725
177116418
176861993
176787970
176644261
176015372
175504168
175401800
175100072
174991582
174814735
174148136
173771326
173264164
173121171
173072708
172972345
172659332
172503730
172041442
171590088
170781380
170296566
170265481
169992098
169498857
169312484
169053715
169043117
167620705
167557775
167298857
166992142
166665386
166653487
166588266
166340893
166260066
165242966
164979610
164782200
164737943
164495241
163340467
163180962
162874837
162546495
161690040
161192509
160497896
160083539
159851592
159283875
159244613
159228984
158892904
158663927
158590267
158486518
158372210
158000631
157800945
157284865
157074387
157057785
156847409
156157853
155485656
155436327
154556047
154123185
153778203
153650384
152855351
151712491
151644006
151155427
150834627
150096404
149791362
149788920
149290057
147683250
147272947
147048732
146596338
146379239
146356617
146010747
144849679
144712021
143271314
143246955
143091083
142775593
142613786
142597122
142265403
141921815
141098186
140823644
139333612
139231796
138628665
138236512
138229980
138043711
137616525
137252539
136220931
136099999
135905509
135521359
134636260
134485437
134361692
134264273
133967349
133277009
133161321
132898320
132039467
131669841
131460951
131299018
131127497
130963637
130818622
130456031
130062040
129215862
129176032
129075106
127823155
127751372
127639450
127630246
126374947
126105952
125999362
125972534
125621001
125579237
124533718
123949552
123737763
123508679
122792427
122444951
121554925
120774243
120475250
120401195
120292506
120270089
119309254
119212870
119189684
118840328
118515130
118050374
117959756
117605536
117570276
117487625
116971905
116859535
116411149
116279610
115963761
115024537
114998631
114971132
114886788
114415038
114167744
113610715
113579581
113559902
113465125
113258970
113113580
112685324
112568291
112552638
112455520
112261382
111798866
111312407
111054867
110610205
110562515
109944978
109619158
109504017
109492980
109170333
108794248
108679707
108202895
107927163
107726523
107400606
107136023
106808641
105990171
105672410
103809752
103496580
103403787
102894214
102675793
102634638
102510296
102127877
100728892
100582120
100311179
100091434
99982974
99865593
99850657
99790374
98956394
98551054
98547847
98306054
98090880
97734306
97686379
97350300
96881153
96846455
96136752
95350113
95078650
93715820
93685750
93564392
92827530
92457964
92095500
91888559
91243885
90369387
90227415
89953735
89934026
89379449
89275214
88864136
88765095
88409792
88402442
88128568
87106045
86697039
85726913
85710991
85516302
85347057
85250349
84821092
84510903
84200946
84128497
84028843
84010188
83782579
83772699
82753339
82370236
82351843
82246181
82075552
81838521
81741807
81734235
79851178
79281614
79126744
79009994
78842400
78694425
77444138
77383796
77032130
75690366
75670687
73349099
73111739
72293530
72096692
72034687
72021486
71098247
70361662
70032108
69954362
69814251
67331601
66508788
66043762
65862386
65848371
65826718
65772681
65104435
64449177
63571842
62817042
62777821
62753528
62537984
62468562
61802986
61554586
60903411
60790028
60177670
59891185
59280113
59069187
59027462
58855008
58819489
58610161
58183694
57918084
57781916
57727471
57555074
57115455
56062443
55875776
54987253
54360525
54156276
54121863
54092249
54032305
53124328
52445593
52109765
51417112
51398721
51328918
51213306
50021865
50003121
49946292
49406346
49357020
49069090
49034110
48531390
48155710
48097880
47895121
47421176
46669196
46324119
46183790
46039129
45852942
45300789
45081381
44840819
44295464
43680816
43544138
43211934
42647940
42595895
42161017
40895748
40526871
40303370
40169128
40023649
39715518
39334950
38885991
38757420
38288109
38176349
38119994
37567846
37489204
36987626
36276361
36043751
35996759
35277459
34424706
34419285
34366048
33996145
33675571
33443549
32781920
32760390
32666800
30835200
30737274
30496351
29591097
29064123
28249379
27695246
27318764
26706318
25903933
25776199
25472836
25276725
25063176
24659295
24412212
23722331
23567510
23494829
23482520
23384217
23316187
23205520
22655086
22547939
22259198
22223736
22202511
22040291
21714518
21208819
20938972
20855593
20651175
20570817
20466389
20392442
20152958
19949334
19702031
18767150
17772483
17502214
17493709
17212766
16335072
16033558
15827424
15665000
15402457
14889387
14772718
14467361
14343469
14001249
13888678
13751570
13155866
13036550
12868812
12208105
11863709
10864052
10620077
9877907
9788521
9707273
9360690
9301550
9207291
8992099
8969047
8815043
7831997
7147100
6970459
5871843
5794988
5790887
5671817
5501282
5493203
5394137
5247640
5232339
5089477
4319546
3557007
3442036
3226130
3095605
2971681
2825089
2003605
1831981
1643969
1239125
1238308
1238256
1238216
1238001
1237881
1237868
1237783
1237669
1232761
1232656
1229598
1228851
1228581
1228035
1227774
1226891
1226676
1226518
1226098
1225833
1224591
1224586
1224396
1224114
1223765
1223500
1223347
1223067
1222818
1221933
1221733
1221469
1221353
1220182
1220032
1219995
1219747
1219466
1218879
1217644
1216228
1215619
1215549
1214844
1214413
1213993
1211148
1209219
1209177
1208623
1208165
1207769
1206985
1206921
1206190
1205816
1205463
1205248
1205141
1203962
1203946
1203896
1202889
1202031
1201704
1201497
1201007
1200267
1200160
1199276
1199067
1198146
1197886
1196628
1196624
1196256
1195888
1195647
1195494
1194555
1194119
1193990
1193742
1193656
1193094
1192917
1190751
1190585
1189567
1188792
1187007
1186454
1186449
1185688
1185162
1185092
1184286
1184155
1183983
1183906
1183685
1183650
1183471
1183347
1182928
1182535
1182483
1181435
1181152
1180537
1180412
1180356
1179311
1178874
1178038
1176846
1176669
1176583
1176539
1176304
1176058
1176003
1175764
1175505
1175220
1175207
1175020
1174313
1172098
1171580
1171552
1171182
1170893
1170690
1170593
1170445
1170017
1169726
1169376
1169258
1168972
1167905
1167852
1167594
1167234
1167173
1166670
1165573
1165460
1165260
1165250
1164977
1164683
1164193
1163796
1163449
1162381
1161855
1161208
1160606
1160544
1160543
1160188
1159953
1158800
1158713
1158541
1157607
1157580
1157335
1157195
1156843
1156312
1156081
1155666
1155603
1155250
1155085
1154764
1154395
1153727
1153663
1153520
1153154
1152783
1152198
1151440
1150821
1150732
1150176
1149714
1148874
1148809
1148158
1147910
1147901
1146707
1146488
1145991
1145624
1143676
1143515
1142193
1142016
1141853
1141169
1140487
1140236
1138488
1138470
1137729
1136764
1136632
1136580
1136493
1136279
1135290
1133934
1133530
1133432
1133207
1132395
1132109
1130902
1130347
1129788
1128529
1128350
1126988
1126475
1125900
1125366
1124604
1123983
1123612
1123101
1122465
1122385
1122055
1121858
1121531
1120953
1120597
1120032
1119087
1118257
1117309
1114299
1113391
1113346
1112532
1112277
1111101
1110142
1109197
1108681
1108168
1107697
1106230
1105904
1105752
1105282
1105264
1104082
1102366
1101299
1100149
1099548
1099266
1099054
1098145
1096375
1095439
1091991
1091506
1090738
1089569
1089305
1088509
1088232
1088183
1088131
1088119
1087588
1087014
1086659
1086283
1085025
1084520
1082541
1082377
1081422
1080749
1079244
1079073
1078047
1077843
1077667
1077050
1076936
1076817
1076021
1075770
1075676
1075492
1075422
1075370
1075262
1073654
1073263
1073115
1071152
1070895
1070615
1069890
1068667
1068573
1067900
1067384
1067140
1067135
1066588
1065747
1065570
1064391
1064061
1063828
1063579
1063340
1062838
1062662
1062194
1061322
1061120
1060913
1060621
1060525
1059816
1059332
1059110
1057990
1057972
1057806
1057691
1057615
1057398
1054928
1054662
1054458
1054349
1054055
1052923
1052885
1052849
1052269
1052137
1052094
1051993
1051851
1051535
1051432
1050316
1050075
1049985
1049982
1049836
1049251
1048291
1047920
1047697
1047237
1045459
1044118
1043942
1043635
1042961
1042300
1042196
1041898
1040196
1040047
1040010
1039307
1039098
1038758
1038669
1038250
1037745
1037632
1037571
1037260
1036216
1035807
1035213
1034979
1033928
1033753
1032732
1032141
1032126
1031263
1030731
1030114
1028597
1028305
1028292
1028249
1028123
1028024
1026544
1026128
1025053
1025001
1024852
1024345
1023975
1023671
1023527
1023294
1022969
1021150
1021129
1020674
1019943
1019762
1019272
1018967
1018160
1017941
1017835
1017633
1015887
1015811
1014962
1014312
1014238
1013773
1013099
1013027
1012224
1010745
1009364
1008339
1006864
1006636
1005837
1005684
1005357
1004409
1003647
1002576
1001765
998112
996384
995991
995407
994190
993440
992850
992509
991372
991126
988338
988207
987659
986719
986048
986016
984976
984970
983529
982857
982832
981839
981488
981272
981095
980804
980620
979867
979004
978968
978100
977898
977656
977423
976909
976379
975971
973819
973080
971743
970070
969745
968437
966959
966633
966617
965384
964003
963603
963378
963109
962865
962777
962300
962298
962016
958261
957843
957073
957064
956857
956616
956473
956349
955709
954537
954233
954090
954055
953985
953940
953829
953016
951027
950177
949752
949311
948598
947781
947493
946618
945802
945480
945296
944573
944557
944434
944267
944201
943663
943227
941760
941642
941330
941220
941063
941000
940991
940988
940647
939964
938840
937455
936567
935811
935411
935029
934967
934666
934169
934162
933430
932530
931948
931875
931170
931102
931048
930893
929578
929575
929222
929129
928378
927592
927586
927453
927119
926258
926246
923752
923196
922795
922634
920506
920401
920127
919850
919779
918962
917872
917707
916705
916293
915676
915441
915356
915090
913628
913124
912703
912543
911141
910988
910404
909012
908995
908221
907501
907275
906878
906019
905364
903127
900732
899745
899267
898949
898604
897641
896150
895604
895418
895196
894992
894831
892525
890724
890384
889911
889490
888532
888492
886149
886103
885255
885240
885129
882922
878910
878130
877365
877306
877070
876783
876152
876008
874780
874478
874118
874116
874106
872333
871673
870961
870085
869712
869263
868854
867775
867649
867288
866858
866597
865863
864608
861988
861611
861429
860961
860490
859516
859463
859099
858148
857943
857143
856580
856235
855946
855900
854853
854688
854477
854336
852775
852639
851593
850615
850438
849923
849310
848076
846083
846079
845651
845601
844803
844595
844459
843150
841707
841269
841208
839733
839129
838424
837849
837377
837142
836360
835462
834963
834892
834862
834767
834117
832824
832235
832161
832046
831715
831072
830397
830218
827969
827677
826556
826393
826191
825592
825243
825199
824262
823240
823090
822765
822257
822097
821249
820893
819433
818237
817957
817799
817367
814843
814507
814376
814343
813951
812955
812077
811558
811256
811174
811116
810883
810362
810234
809307
808752
808740
808454
808395
808053
807730
806958
805806
805700
804809
803264
801672
801580
801499
801176
799282
799066
798487
798046
797879
797494
795935
795447
794522
794379
794329
793255
793161
792492
791265
790134
789870
789300
788836
788656
788606
788328
787819
785267
784873
784505
777180
771177
771031
770999
770747
769525
769199
769101
769019
769008
768901
768321
768308
767419
767407
765620
763063
763025
762806
762184
762123
761912
761448
760486
760409
759981
759493
758974
758595
758234
758046
757592
757369
757163
756984
756683
756491
753390
753251
752727
751969
751764
751283
750620
749336
749132
748978
748737
747395
746056
745695
745684
745024
744994
744902
744778
744546
744336
743921
742246
738856
738444
738065
737833
737436
737431
737406
736795
736226
735985
734642
734511
734130
734007
733271
732727
732690
732511
731834
731359
731354
731151
730522
730375
728473
727993
727373
725586
724510
724004
723971
721605
721477
721424
721076
720818
720300
720261
720162
720020
719333
718233
717832
717466
717167
716957
716019
715647
714242
714009
713737
711812
710787
710698
710524
710377
710263
709997
709922
709825
709755
709721
709478
706756
706268
706218
704959
704714
704693
704676
704569
704319
704199
703421
703231
702014
700391
700349
698866
698262
698142
697491
697127
697027
696500
696015
694404
694299
693114
693063
693052
692517
691811
691649
691308
690762
690651
690028
689620
689493
688795
688315
688069
687644
687620
687473
687087
687071
686102
685190
685072
684977
683979
682788
682020
681630
681133
680913
679958
678938
678599
678477
677964
676881
676879
674991
674517
673543
673277
673062
672469
672382
672280
672125
669557
668905
668790
663990
663852
663546
662350
661266
660838
659112
658714
657654
657518
657423
654866
654826
653879
653352
653158
653066
652484
651553
651166
651095
650454
650053
650026
649840
647465
647089
646868
646760
645997
645166
644947
643108
642539
642144
641380
639990
639059
637107
636759
635669
633213
631855
631769
630693
630654
630241
629837
628862
628782
627931
626218
624411
621507
620782
620346
620137
620116
620115
620075
619802
619798
619703
619555
616771
616578
616233
615648
615578
615430
615248
614927
614429
614194
613568
613422
612482
611466
608924
608678
608402
607928
604448
604242
604205
603307
603171
603064
602420
601820
601675
601383
601374
600927
598472
597439
597137
596852
594954
594080
593062
593042
592218
590684
590411
589995
589791
589293
588635
588214
586217
586031
584531
584275
583253
582830
580962
580950
580279
577178
577160
576848
576327
575827
574042
572214
571613
571206
571164
567259
565124
564746
564646
564509
564484
564154
564064
563745
563583
563003
562295
562223
562022
561585
560892
560544
559430
559257
558829
558720
557977
557772
557692
556355
555546
554530
554507
554428
554199
554062
553347
551339
551203
549876
549484
548912
548903
548254
547681
547072
545984
545817
545249
544731
544065
543467
542627
541775
540850
540629
539710
539190
538066
537816
536285
536187
535952
533784
533156
531707
531514
530826
530251
527375
526832
525593
524238
522663
520421
517714
517282
517039
516257
515897
515814
513436
511520
510108
509573
508055
505459
505275
505179
504653
504140
503410
502698
502234
501965
501812
501501
501320
500907
500286
500146
499514
499052
498965
498912
498728
496159
494816
493329
491445
490721
490398
489544
489106
488983
488910
488794
488386
487887
487504
487228
487008
486125
485126
485079
485057
484935
484089
483881
483572
482759
482428
482302
482289
482173
482172
481741
481486
481482
481440
480479
480217
480184
479993
479941
479806
479770
479668
479306
478996
478742
478046
477369
477136
474962
474792
474131
473255
472643
472636
472393
472277
472157
469386
469383
468887
467884
467802
467589
466194
466176
465302
465171
464914
462250
462048
461665
461592
461514
460641
460123
459931
458709
457812
456863
456836
456666
456566
456518
455772
454314
454259
454218
454180
454102
453836
453046
452683
452575
452497
452235
452037
451884
451785
451679
451563
451520
450469
450195
450127
449672
449644
449115
449037
449016
448848
448395
447450
447287
447213
446938
446564
446440
445612
445567
444918
444382
443901
443841
443585
443161
442955
442158
440701
438852
438310
438007
437498
437454
436943
436497
436078
435274
435098
434516
434400
434234
434208
434105
434021
434000
433682
433522
433133
432690
432538
431980
431122
431091
430858
430482
430412
429918
429622
428396
428129
427708
427279
425914
424099
423665
423575
422684
422676
421097
421028
420246
420220
420187
420085
419706
418833
418830
418572
418481
417776
417665
417263
416615
416390
415969
415855
415814
415724
415566
414703
414240
413507
413233
413074
411722
411680
411501
411445
410986
410956
410864
410827
410355
408498
407146
406228
405750
405480
405407
404955
403824
403212
403127
402985
402701
402697
402534
402506
402458
402441
402187
399683
399154
399093
399042
399012
397749
397373
397044
397033
396859
396249
395114
394683
394548
394342
394144
394013
393924
393914
393853
392984
392897
392453
392120
392040
392004
391713
390480
390430
390414
390014
389283
389029
388276
387750
386791
386380
385263
384604
384595
383815
382673
381124
379866
379713
378919
378893
378073
377979
377569
377239
376996
374779
374671
373522
372681
372181
372043
371951
371890
371391
371207
370569
370551
370526
370047
368597
368388
368325
368289
367618
367363
366438
365830
365756
364711
364260
363798
362907
362300
362247
361734
361712
361606
361342
360910
360895
359917
359606
358773
357899
357295
357195
356958
356191
356127
355990
354566
353996
353569
353420
353402
352595
352044
351532
351529
351479
351372
350788
350227
348753
348460
348457
346668
346050
345470
344332
344201
343885
343051
341979
341887
338352
338163
337678
336560
336248
333656
333317
333275
332757
332286
331300
330471
329849
329374
328496
326489
326428
326091
324904
321086
319800
319157
318956
318685
318502
318309
318195
318046
316968
316528
316419
315892
315708
314890
314768
314569
312419
311659
311548
311202
310402
309340
308750
307705
306175
305317
305070
303680
303490
302635
301929
298977
297174
295677
295085
294265
292619
291741
291663
291172
290464
290205
288767
288526
288325
288111
287954
285273
284737
282399
282328
281889
280960
280931
280901
280485
280475
280366
280071
280006
279262
278735
278122
277994
277815
277663
276677
276675
276264
276173
275864
275673
274474
274457
274092
273983
273479
272112
272035
271825
271129
270858
268847
268769
268674
267651
267560
267256
266575
265494
263977
263722
263657
263493
262301
261338
261327
261007
259858
259459
259435
259346
259007
257927
256193
256099
254567
254165
253387
253356
253281
253194
253125
252755
252726
252239
252211
249423
249289
249013
248610
248572
248380
246870
246815
245368
243976
243281
243064
241574
239946
239553
239525
238582
238384
237751
237486
236484
235600
234897
234797
234341
234256
232918
231929
231927
231913
230515
229281
229053
228417
228181
228063
227944
227452
227356
225360
225227
224685
223027
222067
221057
220650
219534
218509
217975
217664
217261
216864
215226
215201
214585
214422
212023
210016
209336
208864
208482
208130
207959
207883
205971
205107
205069
204027
204025
202910
202523
201748
201048
200350
199746
199271
197756
195276
195087
194631
192974
192874
192867
192441
192396
192099
191516
190584
190498
189755
189344
189250
189247
188562
188516
188515
188192
188100
188083
188026
187589
187525
187362
186965
186418
186272
185859
185464
185235
184819
184233
184192
183457
181347
180997
180520
179970
179703
179474
179461
179248
178768
177890
177035
177033
176628
175936
173924
173489
173483
173397
173249
173103
171764
171629
171324
170868
170501
170185
168702
168335
168332
168180
168163
166492
166420
166075
165504
165490
165348
165191
165035
164839
164623
164094
163593
163415
163399
162915
162797
162741
162661
162428
162413
162368
161962
161919
161453
161022
160983
160789
160708
159834
159328
158964
158658
155933
155156
154925
154484
154276
153982
153912
152746
152737
152720
151963
151847
151427
151224
150791
150275
150194
149640
149607
148772
148550
148502
148316
148057
147026
146286
146268
144637
144629
144520
143967
143707
143558
143478
143093
141869
141614
141549
140860
140488
140193
140179
140079
139514
139496
138946
138823
138686
138582
138388
137932
137623
137471
137241
137207
136974
136968
136901
136482
136013
135958
135883
135704
135234
135163
135120
134605
134287
134239
133093
133033
133000
132735
132663
132566
132157
132128
131789
131749
131556
131465
131453
131317
131158
130213
129825
129457
129170
128944
128206
127764
127645
127271
126306
126190
126077
125717
125523
125504
125389
125290
125195
125183
125170
124438
124282
124192
123945
123925
123879
123856
123322
123162
123001
122914
122721
122441
121912
121720
121655
121603
121568
121461
121403
121357
121059
120744
120635
120613
120535
120346
120184
120164
119816
119675
119357
119187
119015
118926
118404
118092
117996
117792
117503
117394
117083
116976
116851
116805
116144
116013
115672
115453
115444
115411
115172
115117
115043
115031
114681
114408
114157
113715
113583
113523
113228
113200
112415
111973
111947
111925
111250
111199
111162
110778
110554
109976
109951
109921
109896
109617
109504
109492
109483
109387
109149
109108
108631
107858
107788
107622
107327
107307
107164
107160
107109
107089
106944
106860
106722
106153
106141
106086
105969
105543
105290
104768
104123
104088
104079
103757
103684
103537
103316
103251
103221
102675
102528
102452
102425
102375
102362
102328
102200
101962
101578
101160
101031
100148
100114
100059
99848
99813
99806
99762
99753
99678
99598
99151
99100
99061
98970
98626
98417
98386
98265
98259
98180
98131
97767
97355
97091
97042
97019
96802
96782
96734
96588
96562
96463
96317
96187
96011
95803
95758
95688
95355
95304
95122
95017
94717
94699
94581
94525
94482
94298
94091
94002
93902
93746
93733
93680
93672
93629
93540
93534
93490
93464
93436
93346
93242
93214
93181
93178
93002
92977
92859
92833
92757
92592
91941
91917
91730
91635
91410
91390
91016
91014
90702
90689
90659
90243
89964
89915
89912
89803
89798
89364
89354
89342
89058
89001
88829
88811
88805
88702
88670
88664
88594
88572
88547
88303
88281
88204
88187
87868
87854
87788
87714
87691
87685
87677
87510
87440
87383
87274
87211
87203
87176
87097
86652
86589
86571
86544
86403
86341
86323
86313
85609
85562
85523
85487
85459
85290
85264
85255
85099
85074
84789
84726
84704
84629
84614
84607
84600
84572
84356
84328
84302
84191
84176
84162
84103
84047
84025
84021
83981
83977
83970
83967
83959
83585
83546
83424
83379
82661
82488
81944
81930
81913
80781
79833
79547
71638
64355
55422
46420
23561
