224356838
224356775
224356568
224356446
224356299
224356281
224356199
224356194
224356030
224355770
224355765
224355359
224355146
224355138
224355005
224354764
224354704
224354655
224354616
224354599
224354113
224354078
224354009
224353992
224353772
224353323
224353193
224352162
224351934
224351618
224351251
224351073
224351012
224350828
224350763
224350499
224350385
224350248
224350183
224349841
224349608
224349478
224349096
224348447
224348396
224347950
224347669
224347567
224347431
224347414
224347263
224347262
224347149
224347102
224346773
224346628
224346468
224345936
224345891
224345754
224345634
224345270
224345212
224345052
224344741
224344539
224343848
224343704
224343658
224343222
224342960
224342740
224342576
224342457
224342311
224342250
224342151
224341856
224341709
224340797
224340740
224340682
224340403
224340323
224340154
224340098
224339879
224339861
224339667
224339523
224339307
224339126
224339115
224339042
224339021
224338976
224338828
224338827
224338824
224338331
224338246
224338004
224337803
224337731
224337711
224337176
224337148
224337147
224337139
224337070
224337023
224336795
224336647
224336642
224336544
224336415
224336370
224336238
224335997
224335933
224335852
224335558
224334432
224333633
224333622
224333560
224333363
224333053
224332776
224332470
224332360
224332306
224332101
224331948
224331927
224331736
224331711
224331682
224330215
224330194
224330001
224329658
224329471
224329428
224329321
224329313
224329182
224329027
224328810
224328759
224328757
224328738
224328704
224328530
224328422
224328411
224328328
224328298
224328251
224328172
224327868
224327617
224327479
224327206
224327124
224326987
224326945
224326625
224326512
224326505
224326398
224326302
224326207
224326194
224325792
224325678
224325630
224324898
224324782
224324641
224324437
224324267
224316448
224316053
224316049
224316017
224315917
224315810
224315779
224315640
224315595
224315588
224315152
224315150
224315125
224314968
224314927
224314891
224314776
224314681
224314383
224314208
224313722
224313551
224313328
224313294
224313262
224313128
224313037
224312972
224312820
224311170
224310818
224310174
224309662
224309572
224309528
224309517
224309422
224309269
224309059
224309038
224308945
224308867
224308028
224307526
224307426
224307238
224307139
224306925
224306565
224306454
224305859
224305769
224305517
224305512
224305316
224305251
224305237
224305161
224304774
224304766
224304634
224304485
224304418
224304417
224303933
224303906
224303890
224303629
224303618
224303593
224303351
224303317
224303286
224302983
224302968
224302878
224302832
224302822
224302628
224302379
224302236
224302231
224302160
224301884
224301850
224301810
224301719
224301640
224301513
224301054
224301044
224300573
224300383
224300254
224300241
224300079
224299917
224299758
224299741
224299716
224299469
224299458
224299340
224299082
224298958
224298653
224298498
224298463
224298411
224298238
224298210
224298109
224298077
224297704
224297660
224297391
224297390
224297332
224297293
224297078
224297019
224296845
224296618
224296566
224296130
224296126
224295736
224295722
224295511
224295390
224294914
224294805
224294792
224294731
224294480
224294479
224294034
224293869
224293581
224293560
224293361
224293320
224293049
224292973
224292648
224292290
224292240
224292160
224291852
224291786
224291722
224291560
224291477
224291381
224291271
224291146
224290949
224290756
224290577
224290528
224290459
224290402
224290277
224290264
224289974
224289951
224289842
224289755
224289603
224288743
224288736
224288568
224288288
224288132
224287991
224287405
224287369
224286863
224286815
224286772
224286640
224286240
224286146
224286038
224286027
224286023
224286015
224285736
224285681
224285672
224285555
224285387
224285346
224285229
224285135
224285034
224284692
224284639
224284494
224284463
224284418
224283646
224283571
224283503
224283340
224283240
224283161
224282958
224282646
224282075
224281984
224281921
224281843
224281563
224281562
224281472
224281089
224280718
224280280
224280234
224279938
224279916
224279891
224279815
224279808
224279425
224278816
224278609
224278280
224277887
224277757
224277568
224277321
224276843
224276477
224276410
224276382
224276229
224275995
224275887
224275866
224275621
224275609
224275351
224275196
224275081
224275060
224274830
224274790
224274756
224274439
224273951
224273847
224273595
224273545
224273541
224273441
224273193
224272820
224272792
224272742
224272569
224272336
224272086
224271391
224271251
224271066
224270935
224270821
224270749
224270653
224270630
224270610
224270503
224270093
224269686
224269359
224269244
224268977
224268428
224268142
224267951
224267945
224267815
224267139
224266757
224266740
224266562
224266361
224266186
224266105
224265932
224265919
224265849
224265705
224265466
224265415
224264874
224264559
224264371
224264258
224264043
224263901
224263517
224263393
224262997
224262775
224262284
224262156
224262151
224261989
224261860
224261831
224261740
224261671
224261502
224261350
224261247
224261233
224261199
224261083
224260878
224260713
224260506
224260414
224260032
224259983
224259972
224259582
224259423
224259233
224257985
224257306
224257107
224257076
224256223
224255249
224254999
224254788
224254530
224254252
224253343
224253081
224252644
224252374
224252353
224252276
224252224
224251855
224251754
224251289
224251156
224251047
224250855
224250629
224250575
224250563
224250381
224249938
224249780
224249577
224248568
224248354
224248252
224247832
224247532
224246982
224246462
224246338
224246164
224246074
224244960
224244614
224244375
224244290
224243761
224243563
224243338
224242778
224242696
224242508
224242396
224241794
224241611
224240955
224240559
224240338
224239912
224239627
224239248
224239167
224238995
224238979
224237646
224237033
224236619
224236558
224236552
224236295
224236060
224235892
224235492
224235270
224235011
224234919
224234475
224233887
224233744
224233635
224233599
224233422
224233120
224233117
224232801
224232685
224232413
224231790
224231760
224231681
224231565
224231198
224230539
224229862
224228726
224228027
224227919
224227567
224227197
224226694
224226110
224225934
224225583
224225458
224225399
224225373
224225351
224225134
224224834
224224763
224224716
224224489
224224310
224224281
224224204
224223252
224222368
224222138
224221578
224221569
224221510
224221378
224221261
224221134
224220666
224220291
224220282
224219676
224219522
224218759
224217466
224217326
224216701
224216098
224215534
224215111
224214559
224214514
224214334
224214203
224213824
224213564
224213349
224212931
224212827
224212776
224210871
224210518
224210367
224210073
224210053
224209492
224209379
224209262
224208938
224208450
224207936
224207862
224207745
224207693
224207671
224207496
224205958
224205891
224205777
224205585
224205561
224205378
224204649
224204520
224203675
224203285
224203134
224203049
224202834
224201649
224201279
224201278
224201118
224201055
224200764
224200400
224200072
224200036
224200013
224199579
224199031
224198987
224198790
224198200
224198126
224197966
224197913
224197803
224197360
224197199
224197108
224197051
224196736
224196511
224196340
224196133
224195951
224195331
224195056
224194880
224194808
224194767
224194763
224194578
224194028
224193646
224193543
224193050
224192646
224192471
224191992
224191951
224191712
224191664
224191504
224191276
224190984
224190909
224190847
224189879
224189208
224189162
224188745
224188700
224188608
224187956
224187799
224187476
224187193
224186849
224186317
224185875
224185596
224184999
224184695
224184589
224184145
224183171
224183146
224182676
224182300
224182200
224181920
224181053
224180842
224180771
224180306
224180080
224179983
224179591
224179444
224179187
224179167
224179129
224178892
224178770
224178718
224178511
224178456
224178377
224177832
224177595
224177587
224177349
224177296
224177138
224177101
224177005
224176984
224176981
224176922
224176506
224175550
224175468
224174473
224174408
224174044
224173959
224173816
224173770
224172914
224172117
224171695
224171647
224171209
224171045
224170990
224170970
224170938
224170932
224170355
224169842
224169480
224169206
224169033
224168942
224168718
224168546
224167532
224167236
224167037
224166894
224166754
224166459
224166451
224166153
224165447
224165301
224164860
224164290
224164272
224163899
224163813
224163296
224162993
224162921
224162225
224161780
224161388
224161191
224161160
224160998
224160025
224159262
224158087
224157709
224157146
224157137
224157094
224156126
224155992
224155588
224155531
224155511
224155448
224155389
224155071
224154709
224154364
224154322
224153928
224153237
224152698
224151981
224151787
224151541
224151488
224151472
224151462
224151406
224151070
224151011
224150801
224150609
224150608
224150490
224150412
224150345
224150226
224150224
224149213
224149202
224149105
224148969
224148928
224148848
224148786
224148264
224148218
224148206
224148187
224147616
224147506
224147417
224146444
224146163
224145575
224145541
224145511
224145347
224144621
224144542
224143872
224143684
224143508
224143242
224143237
224141999
224141594
224141268
224140627
224140369
224139901
224139789
224139777
224139769
224139739
224138645
224138607
224137412
224137357
224136025
224135699
224135470
224135454
224134000
224133922
224133553
224133291
224133084
224132553
224132350
224132163
224130752
224130564
224129918
224129517
224127598
224127504
224127105
224126613
224125768
224125688
224125570
224125233
224124549
224124125
224123734
224123546
224123489
224123356
224122946
224122098
224122000
224121833
224121582
224121511
224121492
224121310
224121131
224120949
224120657
224119730
224118821
224118675
224118258
224118110
224118039
224117987
224117758
224117599
224117330
224115686
224115615
224115530
224114254
224113420
224112738
224111175
224111167
224111072
224111009
224110917
224110166
224109691
224109307
224109077
224108968
224108461
224107910
224107268
224106977
224106425
224106342
224106165
224105787
224105348
224104505
224102895
224102510
224101695
224101577
224100862
224099832
224099794
224098973
224098929
224098753
224098738
224098647
224098349
224096798
224096345
224095237
224095173
224094559
224094473
224094278
224094190
224093815
224093790
224093755
224093354
224091154
224091145
224090898
224090698
224090433
224090192
224089519
224089323
224088974
224088846
224088590
224088197
224088186
224087790
224087631
224087607
224087594
224087070
224086249
224084868
224084662
224084640
224084494
224084159
224084100
224083969
224083937
224083224
224082720
224082444
224082306
224082030
224082023
224081982
224081779
224081709
224081654
224081582
224081411
224081103
224081026
224080965
224080704
224080013
224079887
224079653
224079479
224079170
224078703
224078142
224078108
224078078
224078012
224077883
224077039
224077036
224076990
224076860
224076590
224076571
224076281
224076036
224075922
224075472
224075245
224075231
224075109
224074684
224074638
224073868
224073538
224072865
224072456
224072375
224071883
224071797
224071757
224071439
224070771
224070151
224069825
224069585
224069487
224069380
224069252
224068075
224067890
224067813
224067802
224067493
224067243
224066888
224066318
224066310
224065978
224065640
224065592
224065314
224065310
224065229
224064493
224064107
224063462
224063281
224062850
224062830
224062767
224061923
224061331
224061187
224061110
224061002
224060884
224060780
224060316
224060265
224059792
224059543
224059452
224059418
224058779
224057174
224056411
224056070
224055883
224055847
224055572
224053987
224053521
224052721
224051397
224051346
224050713
224050347
224050089
224050031
224049939
224049405
224049263
224048997
224048862
224048308
224047557
224047444
224047222
224046635
224046471
224046061
224045212
224045015
224044864
224044708
224044248
224043854
224043490
224043230
224043180
224043103
224042810
224042719
224042713
224042456
224042254
224041712
224040566
223793587
223486038
223461051
223285146
223183721
223077687
222768645
221912445
221692272
221662919
221554208
221182875
220798712
220447261
220413034
220266350
220256592
219972072
219730189
219564966
219365157
219327030
219241755
219102502
218831444
218741706
218730965
218677064
218541660
218445306
218220437
217320722
217261468
217222210
217190205
217181188
216724698
216152985
215991214
215949754
215874447
215674117
215560917
215453720
215229731
215124085
215112224
214856774
214664897
214480591
214381640
214278256
213968219
213138271
212664115
212549049
212254741
212223185
211863747
211667272
211069213
210364083
210219385
210206833
209998098
209889136
209789827
209024466
209004948
208658967
208654359
208119345
207942999
207407151
206558405
206068155
205953643
205864426
205799285
205270068
205233804
205108171
204868440
204518109
204384034
203795689
203466286
203299437
203047369
202831833
202650088
202492155
202458093
202440218
202429975
202047526
201525696
201324123
200901588
200890696
200605026
200524408
200193393
199976904
199480178
199347351
199264373
199078480
198927293
198670342
198620873
198005925
197971343
197627448
196836329
196717946
195970614
195881129
195858319
194695026
194617862
194502143
194327840
194301089
194213238
194211544
193835770
193818638
193724577
192873155
192673158
192647645
192109018
191821917
191478090
191465901
191401786
191234099
191144242
191139122
190939070
190753105
190657529
190049875
190016025
189522073
189263900
189253699
189179000
189035689
188167422
187991824
187922724
187697845
187103818
186719022
186466703
185827155
185604140
185258862
185147260
185086717
185037914
184650205
184034060
183975059
183657486
183613908
182966236
182885544
182879619
182384113
182226772
182147477
182135840
182050993
181862186
181832796
181383397
180784669
180338098
179891456
179565143
179206770
179202207
178759015
178682077
178678143
178531269
178512685
178464001
177442223
177415741
176771122
176315266
175994616
175671108
175648597
175394032
174660046
174612537
174196958
174144770
174069061
174028504
173912175
173812486
173619748
173549773
173546274
172773292
172751285
172638976
172368088
172197849
172149452
172130248
172098606
172032779
172016126
171842019
171701106
171610769
171503799
171260293
170706175
170230940
170205233
169889058
169602681
169561513
169454659
168923470
168813461
168384846
167911625
167673425
167622294
167504209
167014604
165920121
165843654
165143620
164947919
164879501
164873944
164756165
163651519
162895252
162883382
162880715
162326692
162184481
161916063
161824318
161655404
161426133
161300111
161277488
160706616
160520600
160224365
159779356
159473240
159456553
159281815
159021083
158895896
158213103
158207468
158127862
157997487
157866086
157834657
157787716
157522300
157410970
157379621
157343449
157295770
157098802
157082283
156941224
156883906
156540420
156499193
156392588
155989796
155246916
155170833
154788213
154658926
154584736
154513657
154312741
153725907
153520285
153492026
153393210
153137575
153112596
152928347
152897225
152826338
152788580
152679529
152268582
151996280
151971918
151731142
151652207
150431291
150356638
150208836
149970465
149603979
149315025
149115866
148934123
148773815
148683955
148623290
148120427
148117659
147656922
147367456
146980341
146887867
146648912
146341912
146238864
146232877
145380282
145038802
145030356
144350976
144085477
144044629
143239882
142757994
142695422
142671839
142664663
142385768
142169571
142090228
141948082
141188692
140582784
139515531
139402505
138990182
138736786
138719226
137652599
137522911
136841513
136554736
136305512
135112820
135051002
134366418
133638150
133204801
133166036
133086507
132816344
132441962
132299656
132142386
132094391
131929937
131747456
131563716
131424341
131355842
131279950
131061491
131036030
130616908
129988549
129354359
129301468
129181642
129127029
128370588
128262038
128165025
128067322
128022242
127982140
127642842
127486887
127054956
126976328
125760967
125564387
124623540
124395345
124374934
124319433
124176617
123380564
122918610
122805303
122665632
122647575
122312968
122235892
121533135
121473068
121443726
120879830
120812692
120805990
120545156
120447191
120053229
119472981
119332194
119196224
119149042
118635611
118489805
118443864
118394525
118160428
118006103
117981330
117959897
117531745
117530749
117294204
116676724
116663511
116662725
115853680
115083414
115074127
114992451
114980223
114869208
114770097
114480377
114410811
114367710
112453753
112360886
111872214
111816018
110966795
110635241
110586448
110569698
110425002
110415321
109826419
109791997
109629707
109581239
109516470
109242974
109144795
108958834
108665252
108616349
107966575
106547038
106383655
106292123
106234762
106095773
105679737
105587723
105467779
105422768
105131077
105043038
104422329
104185379
103964000
103958598
103880283
103825911
102779645
102606499
102485803
101875760
101666542
101053052
100832685
100745845
100469156
100271661
100117009
100109763
100093114
99415521
99407853
99185550
99113155
98925478
98322839
97961671
97514364
97503325
97405554
97310632
97190044
97149600
97078449
96954299
96906754
96814692
96756496
96653754
96646600
96547268
96503260
96375105
96145218
96028903
95643311
95612560
95504016
95443524
95416433
95343951
95264829
95229564
95144769
94682345
93767483
93642302
93612636
93583542
93312796
93245210
92922475
92845956
92747619
92534870
92101402
92086529
91734521
91664404
91152655
91140413
90967100
90872452
90840477
90797570
90649308
90455667
90290780
89305672
89265320
89172959
89080519
89078392
88967459
88902908
88782847
88548657
88478349
88341886
88024868
87878001
87516952
87400690
87291924
87282832
87124473
87038853
86996076
86881740
86768771
86667400
86224974
86203579
86021818
85702424
85420048
85299854
85268408
84854840
84549589
84406959
84395310
84389637
84370746
84344832
84254591
84243287
83982631
83675263
83575090
83289704
82976356
82781313
82702298
82644601
82586749
82272355
82158430
81838495
81713702
81536104
81291537
81157782
81100146
81050944
80868489
80596553
80482788
80234057
80059747
79966177
79919693
79862258
79186288
79076206
78787616
78593617
78189599
78060817
77957074
77720991
77554217
76662835
76493255
76427886
76379375
75914613
75729386
75567180
75470742
75242924
74717249
74652217
74306536
74289006
74210841
74066213
74041513
73108154
72759399
72377423
71944102
71874217
71792745
71404060
71045267
70588048
70567600
69938503
69821664
69664801
69333362
69251079
68762237
68576631
68096421
68008908
66831382
66685015
66516254
66304933
65971583
65886657
65866024
65777741
65601999
65530348
65187016
65086017
64982373
64733067
63770112
63729963
63704145
63301819
63109591
62451886
62432776
61872922
61108902
61028192
60562703
60463787
60175258
59343433
59166834
58824144
58113304
57783824
57778132
57560870
57023051
56759665
56471526
56286991
55979631
55696825
55262923
55007534
54860523
54755864
54700227
54102397
54078097
53839462
53802530
53799221
53693438
53522773
52236293
51926816
51855073
51316501
51210715
50743850
50515921
49741189
49644533
49376296
48050847
47371391
47120755
46518497
46240237
45729275
45498598
45224439
44941804
44908540
44710734
43883200
43511935
43160607
42794513
42656294
42534409
42465091
42378623
42246979
42147996
41862933
41778478
41772793
41562818
41531437
41148975
40792505
40593259
40545906
40497091
40166993
40115842
40046986
40041486
39955655
39517249
39323419
39315277
39136269
38797339
38743730
38458104
37882880
37674004
37638768
37614645
37475315
37032308
36846086
36752383
36607777
36544720
36370795
35746232
35695407
35627080
35493587
35457458
35398652
35341104
35223847
35025332
34879575
34442706
33445394
33257751
33164351
32835178
32727087
32691621
32466617
32145770
31980166
31072402
30658715
29733596
28275081
28140412
27238924
26941652
26840428
26535805
26531376
26322436
25840407
25655139
25362263
25209113
24673381
24342278
24039319
23957538
23898857
23872405
23565725
23392062
23370314
23369630
23281838
22613074
22348672
22327164
22185037
21905643
21903932
21686630
21661010
21277073
21188025
21173721
20657976
20474285
19472195
19377519
19344975
18633861
18128230
17876409
17814546
17791623
17532657
17305304
17244635
16985827
16720066
16316324
15727108
15704956
15370750
15362174
15038153
14837827
14477807
14107615
13976084
13855553
13707171
13314893
13120012
13084769
12743498
12391707
12183569
11903321
11645162
11611909
11460161
11160100
10678730
10125786
10105382
9896767
9610316
9415683
9408243
9386697
9338126
9308955
9113014
8776125
8551032
8446341
8188859
8068322
7655363
7273236
6764381
6699542
6629005
6513816
6457660
6343027
6195712
5935995
5561278
5277813
4829137
4676335
4581305
3972973
3364344
2474269
2305844
2248546
2074817
1729365
1238607
1238575
1238304
1237717
1237647
1236610
1236279
1234703
1232586
1232559
1231980
1231610
1230903
1230902
1230558
1230304
1230115
1228502
1228501
1228477
1228387
1228100
1227939
1227885
1227792
1227521
1226981
1226849
1226477
1225836
1225690
1225527
1224852
1224804
1224713
1224571
1224539
1222939
1221920
1221538
1220106
1219913
1217571
1217210
1216267
1216099
1215814
1209172
1208025
1207785
1204650
1204368
1203673
1202215
1201776
1200465
1199681
1199622
1199614
1198602
1198538
1197524
1197512
1197195
1197018
1196607
1194904
1194764
1194637
1193201
1192686
1192610
1190734
1190456
1190177
1189923
1189350
1189192
1189103
1188676
1188101
1187848
1187686
1187352
1187106
1186561
1186202
1186001
1185932
1185707
1185672
1184875
1184308
1184182
1184164
1184032
1183226
1182986
1182128
1181764
1181563
1181250
1180911
1180822
1180573
1179980
1179747
1178547
1178337
1178261
1176811
1176463
1175041
1175035
1174878
1174647
1174404
1173782
1173160
1173073
1173069
1172886
1172112
1172054
1171618
1171161
1171137
1170533
1170106
1170086
1169946
1169214
1169132
1168974
1167904
1167452
1166789
1166727
1166622
1165368
1165116
1164608
1163825
1163617
1161931
1161786
1161673
1161531
1161446
1161086
1160512
1159982
1159470
1159443
1159164
1158759
1158564
1158509
1158061
1157309
1155706
1154916
1154105
1152828
1150715
1150078
1149440
1148571
1147978
1147862
1146444
1145716
1144868
1144861
1144700
1143586
1143383
1143154
1142908
1142681
1142526
1141807
1141466
1141242
1140931
1140649
1140508
1140396
1139901
1139759
1139149
1138906
1138504
1137516
1136863
1135950
1135495
1134931
1134026
1133311
1133268
1132059
1131681
1131413
1131139
1130161
1130160
1130136
1129869
1129731
1129380
1129198
1128779
1128544
1128462
1128445
1127914
1127768
1127225
1126585
1123410
1122897
1122740
1122362
1121757
1121105
1120697
1119919
1119584
1119494
1119289
1119238
1118873
1118784
1118699
1118669
1118450
1118388
1117455
1117440
1117403
1117376
1117193
1116921
1115681
1115572
1115145
1114708
1114289
1113134
1112986
1111622
1111605
1110829
1110610
1109976
1109559
1109415
1108984
1108833
1108702
1108456
1107679
1107389
1106725
1106693
1105952
1105806
1105592
1105509
1104461
1104442
1104051
1103854
1102702
1102671
1102385
1101935
1101724
1101263
1100305
1100291
1100241
1100113
1100081
1098283
1098240
1097778
1097568
1096506
1095927
1094105
1093932
1093898
1093698
1093320
1093190
1093148
1092799
1092748
1092652
1090676
1090659
1090171
1090144
1089520
1089407
1089164
1088933
1088891
1088365
1087807
1087635
1087357
1087329
1087284
1086959
1086582
1086076
1086007
1085494
1084980
1083341
1082947
1081931
1081248
1080854
1080820
1080495
1078711
1078557
1078415
1078333
1078173
1077738
1077671
1077272
1077183
1076526
1076296
1074446
1074430
1074250
1074235
1074160
1073051
1072278
1071820
1071774
1070784
1070483
1070183
1069852
1069426
1069221
1068661
1068057
1067221
1067191
1066631
1066363
1066295
1065844
1065803
1064520
1064098
1064001
1063747
1063151
1062009
1061962
1061143
1060955
1060591
1059958
1059931
1059917
1059618
1059496
1059465
1059189
1058912
1058348
1058148
1057660
1057215
1056662
1056160
1056121
1055777
1055618
1055386
1054938
1054629
1054380
1054018
1053963
1053845
1053788
1053393
1053259
1053052
1052153
1051975
1051926
1051895
1051756
1050928
1050749
1050431
1050035
1050025
1049402
1049369
1049265
1049151
1048878
1048634
1048496
1048149
1047639
1047622
1047397
1046246
1046044
1045833
1045725
1045567
1045404
1045244
1045226
1045098
1044859
1044819
1044467
1043901
1043839
1043680
1043421
1042887
1042419
1042103
1041721
1041532
1041180
1040836
1040403
1040275
1039735
1039464
1039311
1038790
1038360
1038230
1038093
1037743
1037686
1037199
1036965
1036898
1036677
1036440
1036265
1036012
1035771
1035279
1034551
1034519
1033985
1033378
1032874
1032701
1032623
1032507
1032437
1032006
1031328
1031241
1030252
1029950
1029189
1028812
1028504
1027252
1026186
1026059
1025946
1025284
1025061
1024797
1024141
1024121
1023580
1023489
1023451
1023305
1023146
1023070
1023029
1022920
1022200
1021976
1021907
1021750
1021296
1021272
1020745
1020537
1020214
1019796
1019785
1019749
1019744
1019711
1019477
1019453
1018960
1017447
1016928
1016757
1016626
1015747
1015559
1015503
1014948
1014912
1014828
1014821
1014404
1014280
1013949
1013859
1013626
1013294
1013221
1013129
1012785
1012771
1012374
1011164
1011153
1010418
1010364
1010157
1009447
1009077
1008872
1008774
1008491
1008322
1008125
1007883
1006771
1006662
1006386
1005828
1005667
1005358
1005317
1005256
1004755
1004374
1004275
1003917
1003450
1003421
1002886
1002524
1002069
1002028
1001449
1001421
1001349
1001259
1001042
1000957
999051
998233
997628
996889
996635
995649
994787
994252
994237
993154
991401
990642
990444
990139
989981
989807
989411
988735
988402
988324
988141
988119
987760
987158
987106
986713
986710
985310
985034
984980
984451
984447
984287
982922
981782
981728
980457
979911
979823
979310
979198
979186
979141
978995
978674
978496
978349
977334
977112
976666
976083
976058
975932
975834
975745
975466
975423
975026
974774
974769
974763
974230
973206
973034
972066
971756
971647
970554
970446
969983
969434
968141
967809
967410
967089
966752
966703
966562
966546
966054
965729
965346
964231
964017
963223
963013
962733
962378
962090
961895
961507
961469
961422
960762
959624
959608
959405
959351
959093
959009
958803
958789
958035
957640
957440
957354
956729
956497
956024
955675
955051
954289
954218
946737
944595
943668
918100
878079
841205
833776
822764
821058
817876
815320
814911
811455
809898
766498
762723
759670
759324
756953
754457
753902
750722
745105
744936
738460
734376
734209
732764
730991
713122
704078
698659
698566
682369
675268
667170
661427
651276
645047
639621
628211
620751
612656
610228
604339
601885
600623
589297
586288
571963
568049
566234
556879
554859
544763
532942
517931
514151
508611
508344
505285
492279
490017
483727
480768
476250
474544
471635
466800
451630
449045
443914
428146
427775
413881
412791
409499
406517
405812
404647
402972
400647
398489
397751
397708
396688
396627
396280
396108
394300
393156
393018
388725
384756
383016
381855
380382
378789
358633
355779
351715
347796
346549
343873
338025
328405
327742
325082
307318
292981
286870
285172
269720
265371
257118
256867
251534
244118
236170
235851
231763
229134
228537
221992
201500
195557
190880
179883
178864
178310
176479
174521
172367
171643
170328
168547
166579
162862
159408
158924
157831
156095
155808
155158
154533
154038
145904
132225
131127
131000
129289
125284
124876
114910
114081
109702
105435
104033
92394
91037
88506
87572
83935
80122
80008
78967
78945
77436
76682
76217
73700
73602
73249
67780
67311
66891
66165
65701
65044
63683
61772
60547
58484
58075
57809
56408
56230
55336
49233
48046
47217
47152
47009
31536
31410
31183
30050
29110
28522
28332
28033
26415
26177
26062
25603
23289
23112
23103
13448
12650
12045
